1804
1802
1802
1803
1805
1805
1805
1805
1804
1803
1803
1804
1805
1805
1804
1804
1804
1800
1804
1804
1804
1806
1806
1802
1803
1803
1804
1805
1806
1805
1804
1802
1803
1802
1805
1805
1806
1804
1803
1803
1804
1804
1806
1806
1806
1804
1803
1803
1803
1804
1805
1806
1805
1804
1803
1803
1805
1805
1805
1804
1802
1802
1806
1804
1804
1807
1806
1806
1804
1805
1804
1806
1806
1805
1806
1805
1803
1805
1806
1806
1806
1804
1806
1804
1806
1805
1806
1806
1807
1806
1806
1805
1804
1805
1806
1806
1805
1806
1804
1805
1806
1806
1807
1806
1806
1804
1806
1805
1806
1807
1808
1807
1806
1805
1805
1806
1808
1807
1807
1806
1806
1805
1806
1806
1808
1808
1807
1806
1805
1806
1806
1808
1808
1807
1806
1806
1807
1807
1808
1809
1807
1806
1807
1806
1807
1806
1808
1809
1808
1807
1806
1807
1807
1809
1810
1808
1807
1807
1808
1808
1809
1809
1808
1808
1808
1807
1808
1809
1810
1809
1808
1808
1807
1808
1809
1809
1809
1809
1808
1807
1808
1809
1810
1810
1809
1808
1808
1808
1809
1809
1810
1810
1810
1808
1808
1809
1810
1810
1810
1810
1809
1808
1808
1809
1811
1810
1810
1810
1809
1809
1810
1810
1811
1810
1810
1809
1809
1809
1810
1811
1811
1811
1809
1809
1810
1810
1811
1812
1811
1810
1809
1810
1810
1811
1812
1813
1813
1812
1812
1812
1814
1814
1814
1814
1813
1812
1813
1814
1814
1815
1815
1814
1813
1813
1814
1814
1815
1815
1814
1813
1813
1813
1814
1816
1816
1814
1813
1813
1814
1814
1815
1816
1816
1815
1814
1813
1814
1815
1816
1816
1816
1814
1813
1814
1816
1816
1817
1816
1816
1814
1814
1816
1816
1817
1817
1816
1815
1816
1815
1817
1818
1817
1816
1816
1814
1816
1816
1817
1818
1818
1816
1816
1816
1816
1818
1818
1818
1817
1816
1818
1816
1817
1818
1818
1818
1818
1816
1816
1818
1818
1820
1818
1818
1817
1817
1818
1818
1819
1820
1818
1818
1818
1817
1818
1820
1820
1819
1818
1818
1818
1819
1819
1819
1820
1819
1818
1818
1818
1819
1819
1820
1821
1819
1818
1818
1819
1819
1820
1821
1818
1820
1821
1819
1819
1821
1822
1820
1820
1818
1819
1819
1821
1820
1820
1821
1819
1818
1819
1819
1821
1821
1821
1818
1818
1819
1820
1822
1821
1822
1819
1820
1820
1819
1820
1821
1821
1822
1819
1820
1820
1821
1820
1821
1822
1820
1822
1820
1821
1822
1821
1822
1823
1821
1820
1820
1822
1822
1823
1822
1822
1821
1821
1822
1821
1822
1822
1823
1822
1822
1820
1822
1822
1822
1823
1821
1820
1821
1822
1821
1822
1822
1821
1822
1822
1821
1821
1822
1823
1823
1820
1822
1821
1821
1821
1823
1823
1823
1820
1820
1820
1821
1822
1824
1822
1823
1822
1821
1822
1822
1825
1823
1823
1822
1822
1821
1823
1824
1823
1824
1822
1822
1822
1821
1824
1824
1822
1823
1821
1822
1821
1821
1822
1825
1822
1821
1821
1822
1822
1822
1822
1824
1823
1822
1821
1822
1822
1822
1824
1822
1822
1821
1821
1822
1824
1825
1822
1822
1820
1821
1820
1822
1822
1822
1823
1822
1822
1820
1820
1822
1823
1823
1822
1822
1822
1822
1821
1822
1824
1822
1823
1821
1822
1821
1823
1822
1823
1823
1820
1820
1823
1822
1823
1822
1822
1821
1820
1821
1821
1822
1824
1822
1822
1821
1821
1820
1822
1823
1822
1822
1822
1819
1820
1820
1824
1823
1821
1822
1820
1820
1820
1821
1823
1822
1822
1821
1820
1821
1821
1822
1821
1820
1820
1819
1821
1821
1821
1822
1822
1821
1820
1819
1820
1820
1822
1822
1822
1820
1819
1818
1819
1822
1822
1822
1819
1820
1819
1821
1820
1822
1822
1821
1819
1819
1819
1819
1821
1820
1822
1821
1819
1820
1819
1819
1821
1821
1820
1820
1818
1818
1818
1819
1820
1820
1819
1819
1819
1818
1819
1821
1819
1820
1819
1818
1818
1818
1819
1820
1819
1818
1819
1818
1817
1818
1821
1821
1819
1818
1817
1817
1817
1819
1819
1819
1818
1816
1816
1817
1818
1818
1818
1818
1817
1817
1817
1818
1818
1818
1818
1818
1816
1816
1816
1817
1818
1818
1817
1816
1816
1817
1816
1817
1818
1817
1817
1816
1815
1816
1817
1818
1818
1817
1817
1815
1815
1815
1817
1817
1817
1816
1815
1814
1815
1816
1817
1817
1816
1816
1814
1814
1814
1816
1817
1816
1815
1814
1813
1814
1814
1816
1816
1815
1814
1814
1813
1814
1815
1816
1815
1815
1813
1813
1813
1815
1815
1814
1814
1813
1813
1813
1814
1815
1815
1814
1813
1813
1812
1813
1814
1815
1814
1813
1812
1813
1813
1814
1814
1814
1813
1812
1812
1813
1813
1814
1814
1813
1812
1812
1812
1813
1814
1814
1813
1812
1810
1810
1811
1812
1812
1812
1811
1811
1810
1810
1810
1812
1812
1812
1810
1810
1810
1811
1811
1813
1811
1810
1810
1809
1810
1811
1811
1812
1810
1810
1809
1810
1810
1812
1811
1811
1810
1809
1809
1811
1811
1811
1811
1810
1809
1809
1809
1810
1811
1811
1810
1809
1809
1809
1810
1811
1811
1810
1809
1808
1809
1809
1811
1810
1810
1809
1808
1808
1809
1810
1810
1810
1809
1808
1809
1808
1809
1810
1810
1810
1808
1808
1807
1809
1809
1810
1809
1808
1808
1807
1808
1810
1809
1809
1808
1808
1806
1807
1808
1809
1809
1808
1807
1806
1806
1807
1808
1808
1808
1808
1806
1806
1807
1808
1809
1809
1808
1807
1805
1806
1808
1809
1809
1807
1806
1805
1806
1806
1807
1809
1806
1807
1805
1805
1806
1807
1808
1808
1807
1805
1805
1806
1806
1807
1807
1807
1805
1804
1805
1806
1806
1808
1806
1806
1803
1804
1805
1806
1808
1807
1806
1805
1806
1805
1806
1806
1806
1806
1805
1805
1805
1806
1807
1806
1806
1806
1804
1805
1805
1805
1806
1806
1805
1806
1803
1804
1805
1806
1805
1805
1805
1804
1804
1803
1806
1806
1805
