205
246
291
342
393
452
515
581
655
727
806
892
973
1059
1149
1237
1331
1422
1516
1609
1700
1794
1886
1975
2065
2153
2243
2329
2413
2493
2576
2651
2729
2797
2868
2934
2996
3053
3107
3154
3202
3239
3275
3304
3327
3347
3359
3367
3374
3372
3370
3364
3355
3337
3306
3272
3238
3196
3155
3107
3053
2998
2937
2871
2803
2728
2655
2574
2489
2408
2321
2231
2143
2052
1965
1874
1781
1694
1602
1513
1427
1338
1256
1170
1088
1009
929
856
782
712
647
582
521
465
413
366
323
283
254
223
199
185
170
163
159
159
164
184
224
268
313
366
420
480
547
614
689
766
843
927
1011
1098
1191
1280
1371
1464
1555
1651
1742
1834
1929
2014
2107
2195
2279
2368
2449
2530
2612
2685
2761
2832
2897
2964
3022
3077
3131
3176
3219
3257
3287
3316
3336
3352
3366
3369
3374
3372
3367
3362
3351
3323
3292
3255
3220
3177
3132
3083
3029
2971
2909
2839
2771
2694
2616
2537
2451
2369
2279
2190
2104
2010
1922
1834
1741
1653
1565
1473
1387
1298
1216
1134
1051
973
898
822
751
681
617
554
494
443
392
345
306
268
239
214
191
178
167
160
160
160
166
203
242
289
337
388
449
508
577
648
721
802
882
966
1053
1140
1232
1322
1413
1508
1599
1691
1787
1877
1969
2059
2145
2236
2321
2405
2490
2569
2647
2721
2792
2865
2929
2991
3049
3102
3153
3196
3237
3272
3300
3326
3345
3357
3368
3372
3372
3372
3363
3356
3340
3307
3276
3239
3200
3158
3108
3058
3002
2941
2879
2808
2734
2660
2578
2497
2414
2325
2239
2147
2059
1971
1878
1790
1700
1609
1522
1433
1345
1262
1176
1094
1014
936
863
787
718
652
587
528
469
418
370
325
287
254
225
203
184
171
165
158
160
163
180
222
264
310
362
415
476
542
608
684
759
838
923
1005
1094
1183
1274
1367
1456
1551
1643
1734
1829
1921
2009
2101
2187
2276
2362
2444
2527
2605
2681
2757
2826
2893
2959
3017
3075
3127
3174
3218
3253
3287
3314
3334
3352
3363
3370
3374
3371
3368
3361
3351
3326
3293
3259
3223
3180
3136
3087
3032
2977
2912
2846
2776
2700
2624
2541
2458
2374
2286
2199
2111
2018
1930
1840
1748
1662
1569
1481
1394
1306
1222
1139
1057
980
900
827
756
687
622
559
500
447
394
350
307
271
242
214
193
179
166
162
159
160
166
198
239
285
331
387
443
505
571
641
715
795
874
960
1045
1134
1224
1314
1407
1499
1591
1685
1777
1869
1961
2049
2139
2226
2313
2400
2481
2562
2641
2714
2789
2856
2922
2986
3043
3097
3150
3193
3234
3270
3298
3325
3342
3357
3367
3370
3373
3371
3364
3359
3340
3311
3278
3241
3204
3160
3113
3064
3005
2948
2884
2814
2744
2666
2586
2505
2418
2335
2245
2157
2070
1979
1889
1800
1707
1619
1529
1439
1356
1267
1184
1103
1021
945
868
795
724
657
592
532
474
423
375
330
292
256
228
204
185
173
163
159
160
161
177
217
257
306
355
410
470
532
602
675
750
833
912
997
1085
1173
1265
1356
1446
1542
1633
1726
1819
1909
2001
2093
2179
2268
2352
2435
2518
2596
2674
2749
2819
2890
2952
3012
3068
3120
3171
3213
3249
3284
3310
3333
3351
3361
3371
3373
3372
3369
3361
3354
3328
3296
3264
3225
3185
3141
3091
3040
2981
2919
2854
2784
2708
2633
2549
2468
2381
2295
2209
2118
2028
1939
1848
1760
1667
1578
1491
1400
1314
1231
1146
1066
988
911
838
761
694
628
564
507
451
399
355
311
276
244
216
197
179
169
163
158
160
164
194
237
279
326
381
435
498
564
633
710
786
867
952
1036
1127
1214
1305
1398
1489
1583
1677
1766
1861
1952
2041
2132
2218
2305
2389
2472
2555
2630
2707
2781
2850
2917
2979
3037
3094
3143
3189
3232
3264
3297
3321
3340
3357
3365
3371
3374
3369
3367
3358
3347
3315
3281
3246
3209
3164
3120
3067
3012
2955
2889
2820
2749
2673
2596
2513
2428
2344
2254
2167
2077
1987
1899
1809
1716
1629
1538
1450
1363
1275
1195
1110
1031
954
874
804
731
663
600
537
481
427
377
335
294
258
232
206
187
175
163
161
159
161
169
211
255
300
349
406
463
527
595
666
743
823
903
991
1074
1163
1257
1345
1440
1531
1623
1719
1810
1900
1993
2081
2170
2259
2343
2429
2509
2589
2667
2739
2815
2882
2945
3006
3064
3116
3165
3206
3247
3281
3308
3331
3347
3361
3369
3371
3373
3368
3362
3354
3329
3299
3266
3228
3190
3144
3096
3043
2986
2925
2859
2787
2716
2638
2557
2475
2389
2303
2215
2125
2037
1945
1856
1766
1675
1586
1498
1409
1325
1238
1154
1073
992
916
842
769
700
631
571
512
454
403
358
314
280
245
219
198
179
170
162
159
161
163
192
232
275
324
375
431
494
557
630
703
780
863
943
1031
1118
1205
1299
1391
1483
1577
1666
1761
1854
1942
2035
2123
2212
2300
2383
2467
2548
2624
2703
2775
2845
2913
2974
3034
3090
3139
3187
3226
3263
3295
3319
3340
3356
3365
3372
3372
3371
3367
3358
3350
3316
3283
3250
3210
3168
3123
3070
3017
2957
2893
2828
2753
2679
2601
2518
2436
2349
2261
2175
2083
1995
1903
1812
1722
1634
1541
1458
1367
1282
1200
1116
1036
955
879
806
734
668
603
542
485
430
382
338
296
263
233
208
190
175
165
161
158
162
167
209
253
297
347
402
458
523
591
661
738
815
900
984
1069
1160
1248
1341
1433
1525
1617
1712
1803
1896
1987
2075
2165
2253
2338
2423
2504
2585
2662
