1812
2150
2384
2502
2502
2367
2142
1828
1521
1277
1134
1105
1206
1419
1818
2154
2389
2505
2502
2364
2132
1821
1515
1274
1134
1107
1210
1422
1823
2159
2390
2506
2501
2362
2127
1817
1510
1269
1132
1107
1214
1436
1830
2162
2393
2504
2497
2357
2123
1814
1507
1266
1129
1107
1214
1441
1836
2170
2397
2508
2499
2353
2114
1806
1502
1266
1132
1110
1218
1447
1840
2170
2398
2509
2498
2353
2112
1802
1498
1260
1128
1109
1221
1455
1846
2177
2401
2507
2496
2349
2108
1800
1496
1258
1126
1108
1222
1460
1852
2181
2404
2509
2495
2344
2101
1794
1491
1256
1128
1112
1225
1465
1855
2183
2405
2511
2496
2344
2098
1790
1486
1253
1125
1110
1229
1472
1861
2186
2406
2510
2492
2340
2094
1788
1483
1252
1123
1110
1230
1478
1867
2192
2410
2511
2493
2336
2088
1781
1479
1251
1125
1113
1233
1483
1870
2193
2413
2512
2493
2335
2084
1777
1474
1245
1122
1114
1237
1491
1876
2199
2413
2512
2489
2331
2080
1774
1472
1243
1120
1112
1237
1496
1882
2204
2417
2512
2488
2325
2073
1767
1466
1242
1122
1116
1242
1502
1887
2207
2418
2514
2488
2325
2069
1763
1462
1236
1119
1116
1247
1510
1894
2212
2421
2513
2485
2319
2064
1758
1459
1234
1118
1118
1248
1518
1900
2217
2425
2515
2482
2315
2056
1752
1453
1234
1116
1119
1252
1523
1906
2220
2428
2513
2483
2313
2052
1746
1447
1228
1115
1120
1257
1532
1913
2226
2429
2515
2479
2308
2048
1742
1445
1227
1116
1119
1257
1537
1918
2231
2433
2515
2478
2304
2041
1736
1441
1223
1115
1122
1262
1542
1922
2233
2433
2517
2477
2302
2038
1732
1436
1220
1113
1122
1265
1550
1928
2238
2434
2515
2473
2298
2034
1730
1435
1221
1113
1122
1265
1555
1933
2241
2437
2519
2474
2294
2029
1723
1430
1218
1114
1124
1269
1559
1937
2242
2439
2517
2475
2293
2026
1720
1425
1215
1110
1125
1273
1566
1942
2247
2441
2515
2471
2289
2022
1718
1423
1214
1110
1126
1275
1570
1946
2251
2443
2518
2468
2285
2017
1711
1421
1214
1114
1129
1278
1576
1949
2252
2445
2518
2469
2283
2013
1706
1414
1207
1108
1128
1282
1583
1957
2257
2445
2516
2465
2279
2008
1703
1413
1207
1108
1129
1283
1589
1962
2264
2449
2520
2464
2273
2001
1696
1405
1205
1109
1132
1288
1594
1967
2265
2451
2518
2463
2272
1998
1692
1402
1200
1108
1134
1293
1603
1975
2272
2452
2517
2458
2267
1994
1689
1399
1198
1106
1134
1294
1608
1979
2275
2456
2518
2457
2263
1986
1680
1395
1198
1109
1138
1298
1614
1984
2275
2456
2519
2457
2260
1985
1676
1389
1193
1105
1138
1303
1622
1993
2282
2459
2516
2452
2255
1979
1673
1388
1192
1106
1138
1305
1626
1996
2286
2463
2521
2452
2252
1974
1666
1383
1192
1107
1141
1309
1631
1998
2286
2462
2519
2451
2251
1971
1664
1379
1187
1106
1144
1313
1640
2005
2292
2464
2518
2447
2246
1968
1661
1378
1187
1105
1142
1313
1642
2009
2294
2466
2519
2445
2242
1961
1656
1374
1186
1105
1146
1318
1647
2011
2296
2467
2519
2445
2241
1959
1651
1370
1183
1102
1148
1321
1654
2020
2298
2468
2517
2442
2237
1955
1649
1368
1182
1104
1147
1322
1658
2022
2304
2470
2519
2439
2233
1950
1642
1364
1181
1105
1150
1327
1664
2025
2305
2471
2519
2439
2231
1946
1637
1359
1178
1104
1153
1331
1670
2032
2311
2473
2516
2435
2226
1942
1635
1358
1177
1101
1152
1333
1675
2039
2316
2477
2518
2433
2221
1936
1627
1353
1174
1105
1157
1338
1681
2041
2317
2477
2517
2431
2219
1930
1621
1348
1169
1102
1158
1343
1690
2051
2322
2477
2514
2427
2214
1926
1618
1346
1169
1101
1158
1345
1696
2056
2327
2479
2516
2424
2209
1920
1610
1340
1168
1102
1162
1350
1702
2058
2328
2481
2517
2422
2207
1915
1606
1336
1164
1101
1163
1354
1710
2065
2331
2482
2514
2417
2202
1912
1603
1336
1162
1102
1165
1355
1713
2070
2335
2485
2515
2417
2198
1906
1598
1331
1162
1103
1168
1359
1718
2072
2336
2485
2515
2416
2197
1902
1593
1325
1160
1103
1169
1364
1725
2079
2340
2485
2513
2412
2193
1899
1591
1325
1158
1100
1169
1366
1730
2084
2346
2489
2514
2408
2189
1893
1586
1321
1158
1103
1173
1369
1734
2085
2346
2490
2515
2408
2187
1890
1582
1317
1154
1103
1174
1374
1741
2092
2348
2488
2512
2405
2184
1887
1579
1316
1153
1100
1176
1374
1745
2097
2353
2491
2511
2401
2180
1881
1573
1313
1153
1104
1179
1378
1750
2099
2354
2492
2512
2401
2177
1877
1568
1308
1149
1104
1182
1383
1757
2104
2357
2491
2509
2396
2174
1873
1565
1305
1149
1102
1182
1386
1763
2111
2363
2496
2510
2392
2169
1865
1558
1302
1146
1104
1187
1390
1768
2113
2364
2497
2511
2392
2167
1862
1554
1298
1146
1102
1189
1395
1776
2121
2367
2496
2507
2386
2163
1858
1549
1297
1143
1102
1190
1397
1781
2126
2371
2498
2508
2384
2158
1851
1543
1291
1145
1105
1194
1402
1786
2128
2372
2498
2505
2382
2157
1848
1540
1289
1139
1103
1197
1406
1793
2135
2375
2498
2505
2376
2153
1846
1538
1290
1141
1106
1196
1406
1797
2138
2379
2503
2506
2375
2148
1838
1530
1284
1140
1108
1203
1412
1803
2143
2378
2503
2504
2372
2147
1835
1526
1280
1136
1104
1203
1415
1810
2148
2384
2501
2502
2368
2141
1830
1525
1281
1136
1107
1205
1417
1814
2152
2388
2507
2503
2366
2135
1824
1518
1277
1136
1108
1208
1422
1819
2154
2386
2504
2502
2364
2132
1822
1513
1270
1131
1106
1210
1426
1826
2161
2393
2505
2499
2360
2124
1816
1511
1272
1132
1107
1213
1436
1831
2165
2395
2508
2500
2357
2118
1809
1505
1265
1132
1110
1218
1445
1838
2168
2395
2506
2500
2354
2115
