2590
2470
2199
1816
1432
1156
1034
1085
1310
1742
2177
2468
2589
2536
2299
1949
1560
1237
1061
1048
1218
1577
2033
2381
2564
2577
2399
2084
1700
1334
1105
1030
1136
1404
1878
2279
2518
2593
2484
2218
1838
1453
1170
1040
1078
1293
1711
2149
2452
2586
2547
2319
1977
1584
1254
1066
1041
1200
1545
2008
2365
2557
2583
2415
2108
1725
1358
1117
1030
1124
1371
1846
2255
2507
2596
2498
2238
1865
1477
1182
1043
1070
1276
1682
2127
2437
2582
2553
2337
2001
1612
1273
1077
1038
1184
1511
1977
2346
2553
2587
2432
2133
1750
1376
1127
1034
1114
1354
1817
2231
2494
2592
2509
2256
1893
1500
1198
1046
1061
1258
1651
2100
2423
2579
2562
2354
2022
1634
1291
1082
1036
1170
1481
1950
2326
2541
2590
2448
2159
1776
1398
1137
1032
1102
1338
1790
2211
2484
2592
2519
2271
1914
1524
1214
1050
1056
1242
1621
2076
2408
2575
2568
2372
2044
1658
1305
1092
1034
1159
1455
1923
2308
2533
2591
2461
2184
1800
1418
1150
1034
1091
1320
1761
2189
2475
2591
2529
2288
1936
1546
1228
1057
1050
1226
1592
2049
2390
2568
2574
2390
2070
1685
1323
1100
1032
1143
1423
1896
2289
2523
2592
2474
2209
1825
1441
1164
1038
1082
1302
1728
2164
2458
2589
2542
2309
1962
1571
1244
1062
1045
1210
1562
2021
2375
2561
2579
2406
2096
1711
1347
1112
1031
1129
1387
1864
2268
2514
2595
2491
2227
1851
1464
1177
1041
1074
1285
1698
2139
2444
2584
2550
2327
1989
1598
1261
1070
1038
1192
1530
1995
2356
2557
2584
2422
2119
1736
1367
1123
1034
1119
1363
1832
2243
2502
2594
2504
2247
1878
1488
1190
1043
1065
1267
1668
2115
2431
2580
2557
2344
2010
1624
1282
1078
1036
1178
1498
1965
2337
2547
2589
2440
2145
1762
1384
1133
1032
1109
1347
1805
2221
2489
2591
2515
2263
1903
1513
1205
1050
1057
1249
1637
2087
2416
2577
2565
2364
2034
1646
1298
1089
1035
1165
1468
1936
2318
2538
2591
2455
2173
1789
1409
1144
1033
1096
1329
1773
2201
2479
2591
2525
2280
1926
1535
1222
1056
1054
1233
1605
2060
2398
2572
2572
2382
2059
1673
1315
1094
1033
1152
1438
1909
2297
2528
2590
2469
2197
1814
1430
1158
1036
1085
1310
1743
2178
2466
2589
2536
2298
1948
1557
1236
1061
1049
1219
1579
2036
2383
2562
2577
2397
2081
1697
1336
1103
1030
1137
1408
1883
2280
2521
2594
2481
2216
1835
1450
1169
1041
1078
1295
1715
2153
2453
2587
2545
2317
1973
1582
1249
1066
1041
1204
1550
2012
2367
2559
2579
2412
2104
1721
1355
1116
1031
1126
1374
1852
2259
2510
2596
2496
2234
1860
1472
1181
1042
1071
1279
1686
2129
2438
2582
2553
2334
1997
1609
1269
1074
1037
1186
1518
1983
2349
2551
2586
2430
2129
1747
1374
1126
1033
1114
1356
1820
2234
2497
2593
2509
2255
1889
1497
1197
1046
1062
1260
1655
2105
2425
2579
2560
2352
2020
1633
1288
1085
1037
1172
1484
1953
2329
2543
2590
2447
2156
1772
1393
1134
1031
1104
1340
1794
2215
2485
2590
2519
2270
1910
1521
1212
1051
1056
1242
1626
2079
2413
2575
2567
2368
2041
1655
1304
1090
1036
1160
1458
1927
2310
2534
2590
2460
2180
1796
1415
1146
1033
1093
1323
1766
2194
2474
2589
2527
2285
1933
1544
1226
1057
1052
1230
1597
2053
2394
2569
2576
2387
2065
1679
1319
1098
1031
1146
1429
1902
2294
2525
2591
2473
2203
1821
1437
1161
1037
1083
1306
1735
2170
2462
2591
2540
2305
1957
1565
1241
1061
1047
1214
1569
2029
2378
2561
2578
2403
2090
1705
1343
1107
1031
1132
1394
1870
2273
2517
2594
2487
2223
1845
1459
1172
1041
1076
1289
1704
2144
2448
2585
2549
2324
1983
1592
1258
1067
1040
1196
1538
1999
2359
2554
2581
2419
2114
1732
1363
1120
1032
1121
1366
1838
2249
2503
2596
2502
2243
1872
1483
1188
1043
1068
1272
1673
2118
2433
2581
2556
2341
2006
1618
1277
1078
1037
1179
1504
1970
2341
2549
2587
2437
2141
1757
1384
1131
1032
1111
1350
1809
2226
2492
2592
2514
2261
1899
1507
1203
1047
1058
1253
1644
2095
2420
2577
2564
2359
2029
1642
1296
1088
1036
1167
1474
1943
2322
2540
2590
2452
2165
1782
1402
1141
1032
1098
1333
1782
2206
2482
2589
2523
2278
1922
1532
1218
1053
1054
1235
1612
2066
2403
2574
2572
2377
2052
1666
1311
1093
1034
1155
1445
1916
2302
2530
2592
2466
2191
1808
1424
1152
1034
1089
1316
1752
2185
2469
2589
2532
2293
1942
1551
1233
1059
1048
1221
1585
2041
2385
2568
2576
2394
2076
1690
1328
1100
1031
1141
1415
1890
2285
2522
2593
2479
2213
1831
1448
1166
1038
1080
1297
1721
2158
2457
2588
2545
2312
1967
1576
1248
1064
1045
1207
1556
2017
2370
2559
2580
2409
2100
1717
1350
1112
1030
1127
1381
1858
2265
2513
2594
2492
2230
1855
1468
1178
1042
1073
1282
1692
2134
2442
2585
2553
2331
1992
1602
1262
1072
1038
1190
1525
1992
2354
2554
2585
2425
2122
1741
1370
1123
1032
1117
1360
1827
2240
2501
2594
2507
2249
1882
1491
1192
1042
1064
1266
1663
2109
2428
2578
2559
2348
2015
1627
1284
1082
1036
1174
1492
1960
2334
2545
2589
2443
2150
1766
1390
1134
1034
1105
1343
1797
2217
2486
2591
2518
2268
1909
1517
1210
1050
1056
1245
1630
2084
2413
2575
2567
2366
2039
1652
1301
1090
1034
1161
1460
1929
2312
2535
2592
2459
2177
1794
1413
1147
1033
1093
1325
1768
2195
2477
2589
2527
2285
1931
1540
1226
1057
1051
1229
1599
2054
2395
2570
2575
2385
2064
1676
1320
1097
1033
1148
1432
1904
2293
2527
2592
2471
2203
1818
1436
1159
1035
1085
1307
1738
2173
2466
2590
2539
2302
1953
1562
1238
1063
1048
1216
1573
2031
2379
