3356
2087
158
1750
3375
1789
188
2049
3352
1475
270
2345
3274
1171
411
2625
3141
883
598
2868
2951
622
827
3072
2725
409
1084
3223
2464
242
1361
3336
2180
160
1653
3372
1884
172
1953
3362
1576
236
2251
3307
1272
359
2535
3191
976
527
2790
3023
709
744
3008
2809
478
990
3174
2556
294
1262
3301
2284
165
1552
3366
1986
162
1850
3371
1682
210
2153
3333
1373
310
2442
3235
1070
468
2712
3084
793
671
2945
2879
545
908
3128
2640
349
1174
3265
2372
198
1456
3356
2081
158
1754
3375
1781
189
2054
3351
1471
271
2352
3272
1169
412
2628
3139
883
598
2870
2952
625
825
3071
2728
412
1081
3222
2466
243
1359
3335
2185
161
1655
3372
1884
173
1954
3363
1576
236
2252
3307
1272
359
2537
3189
974
531
2794
3017
702
751
3013
2803
472
998
3178
2551
290
1269
3303
2276
165
1561
3366
1978
162
1860
3370
1674
212
2162
3330
1363
315
2450
3230
1062
472
2720
3078
785
678
2951
2874
539
914
3131
2632
343
1181
3270
2363
194
1468
3357
2072
159
1762
3375
1771
192
2065
3348
1460
274
2360
3268
1155
418
2637
3135
872
606
2879
2945
614
834
3077
2719
404
1094
3228
2457
239
1370
3338
2173
159
1665
3374
1873
174
1963
3362
1566
239
2261
3303
1262
363
2543
3188
970
534
2796
3016
700
752
3015
2801
471
998
3179
2551
290
1269
3303
2275
165
1558
3367
1982
162
1856
3370
1678
209
2154
3332
1373
311
2443
3233
1069
466
2712
3083
793
671
2944
2883
548
906
3125
2643
351
1168
3262
2378
201
1454
3356
2085
157
1749
3374
1785
188
2052
3351
1474
271
2345
3272
1169
409
2626
3140
884
596
2870
2953
623
822
3069
2729
412
1081
3223
2467
244
1358
3335
2183
159
1656
3372
1883
174
1956
3363
1575
236
2252
3305
1268
360
2538
3190
972
533
2796
3014
701
751
3014
2804
473
999
3180
2549
290
1272
3303
2272
165
1566
3367
1976
163
1867
3369
1664
212
2169
3328
1357
319
2461
3226
1050
479
2730
3068
773
689
2962
2864
529
929
3140
2619
333
1197
3275
2351
188
1484
3360
2055
158
1778
3373
1753
194
2084
3346
1444
283
2375
3262
1139
427
2653
3122
853
622
2894
2929
595
852
3090
2696
387
1116
3240
2431
225
1398
3349
2141
158
1696
3374
1840
179
1999
3359
1528
251
2297
3291
1221
383
2580
3167
931
561
2829
2988
665
783
3040
2768
443
1036
3200
2511
268
1312
3318
2229
162
1608
3371
1934
167
1906
3367
1626
222
2204
3319
1319
337
2495
3211
1015
500
2759
3047
742
713
2984
2839
505
956
3155
2592
316
1227
3286
2321
169
1514
3363
2026
159
1812
3372
1721
201
2113
3340
1414
294
2407
3249
1108
444
2682
3105
828
643
2916
2910
576
874
3104
2677
374
1136
3249
2413
218
1416
3351
2125
158
1712
3374
1826
182
2011
3357
1517
253
2303
3288
1213
388
2588
3164
925
567
2833
2985
661
785
3041
2766
441
1040
3201
2508
267
1312
3319
2228
161
1609
3371
1931
167
1909
3366
1621
223
2209
3319
1316
337
2495
3211
1017
503
2759
3044
740
714
2987
2835
503
958
3156
2589
314
1226
3288
2319
169
1516
3363
2021
160
1815
3372
1715
201
2116
3340
1408
296
2409
3249
1105
446
2679
3103
825
644
2918
2909
576
875
3106
2675
370
1139
3251
2408
215
1422
3352
2123
157
1715
3374
1821
183
2017
3357
1512
256
2310
3286
1206
390
2593
3160
918
571
2841
2978
653
794
3048
2758
435
1047
3206
2503
262
1321
3320
2223
161
1612
3371
1929
168
1910
3367
1619
223
2207
3318
1317
337
2496
3212
1018
502
2755
3047
743
709
2980
2844
508
955
3154
2596
319
1221
3284
2326
177
1508
3363
2033
159
1804
3372
1728
198
2106
3342
1422
292
2399
3252
1116
438
2673
3108
833
639
2913
2916
582
868
3101
2678
375
1132
3247
2418
219
1413
3352
2127
158
1708
3373
1828
181
2006
3359
1523
253
2300
3289
1217
384
2585
3166
927
567
2834
2986
659
787
3042
2765
440
1041
3203
2509
266
1317
3320
2224
161
1613
3371
1926
169
1913
3367
1618
223
2211
3316
1308
341
2503
3209
1011
506
2764
3041
735
718
2986
2834
503
964
3160
2588
312
1230
3287
2315
167
1519
3364
2021
161
1814
3372
1716
200
2117
3340
1408
298
2413
3248
1104
446
2681
3103
822
645
2921
2906
571
881
3108
2669
366
1142
3252
2401
213
1426
3353
2115
157
1723
3373
1811
183
2023
3356
1505
260
2317
3283
1199
394
2601
3155
910
578
2848
2975
647
800
3052
2750
429
1054
3209
2493
259
1332
3325
2210
160
1623
3371
1918
170
1922
3366
1609
227
2217
3314
1305
344
2505
3207
1008
509
2764
3041
735
718
2987
2835
502
963
3160
2587
311
1230
3287
2314
168
1520
3364
2022
161
1816
3371
1718
200
2118
3340
1413
296
2410
3249
1104
446
2682
3102
825
643
2919
2910
575
872
3104
2675
373
1134
3248
2413
217
1417
3352
2124
158
1713
3373
1822
182
2012
3358
1515
255
2311
3285
1206
390
2592
3162
919
573
2842
2979
654
794
3047
2756
433
1051
3207
2501
261
1323
3322
2218
160
1618
3371
1922
170
1919
3366
1610
225
2217
3315
1301
344
2509
3206
1005
508
2767
3038
730
721
2991
2831
497
968
3163
2580
307
1239
3291
2306
168
1529
3364
2012
162
1826
3372
1706
204
2131
3337
1394
303
2425
3244
1089
454
2694
3094
811
655
2930
2897
562
891
3115
2656
359
1154
3257
2392
208
