1885
1889
1891
1891
1893
1894
1897
1900
1902
1902
1902
1903
1904
1904
1906
1904
1905
1906
1903
1902
1901
1902
1902
1901
1899
1896
1892
1889
1886
1886
1881
1878
1874
1867
1863
1858
1855
1852
1848
1842
1837
1833
1830
1827
1826
1818
1810
1803
1800
1796
1794
1791
1788
1785
1780
1774
1769
1766
1762
1760
1756
1751
1747
1742
1739
1737
1736
1733
1733
1728
1728
1726
1724
1723
1723
1722
1722
1721
1719
1721
1720
1722
1722
1724
1726
1723
1725
1727
1730
1731
1734
1736
1738
1739
1742
1747
1751
1757
1759
1763
1767
1770
1775
1780
1785
1789
1791
1794
1810
1821
1827
1833
1838
1842
1844
1847
1853
1857
1862
1866
1870
1875
1878
1881
1884
1888
1890
1893
1896
1896
1897
1899
1900
1902
1904
1904
1905
1904
1902
1903
1904
1906
1905
1904
1901
1900
1900
1898
1897
1896
1892
1890
1886
1883
1880
1876
1873
1868
1864
1858
1852
1848
1845
1841
1838
1834
1830
1825
1824
1814
1807
1804
1801
1796
1793
1789
1786
1782
1779
1776
1770
1765
1760
1755
1754
1750
1747
1744
1739
1736
1733
1732
1730
1730
1729
1725
1723
1722
1722
1722
1722
1723
1721
1722
1721
1720
1723
1725
1726
1726
1726
1727
1729
1730
1734
1737
1740
1742
1744
1748
1752
1756
1761
1766
1769
1773
1776
1780
1785
1789
1793
1800
1815
1822
1827
1832
1838
1843
1848
1851
1854
1858
1862
1867
1873
1876
1880
1882
1886
1887
1890
1893
1896
1898
1898
1899
1898
1902
1902
1904
1906
1906
1903
1904
1903
1903
1905
1904
1904
1901
1898
1896
1895
1894
1892
1889
1885
1882
1877
1873
1870
1866
1862
1857
1852
1847
1842
1838
1835
1833
1830
1827
1822
1810
1805
1801
1799
1796
1793
1789
1784
1780
1775
1772
1769
1765
1760
1755
1751
1746
1745
1742
1739
1738
1734
1730
1729
1727
1725
1727
1725
1722
1722
1720
1720
1721
1722
1722
1721
1723
1722
1722
1724
1725
1727
1730
1730
1731
1732
1734
1740
1743
1746
1750
1753
1757
1761
1765
1770
1775
1779
1783
1786
1788
1792
1805
1819
1826
1830
1834
1837
1841
1846
1851
1857
1862
1866
1868
1871
1876
1880
1885
1888
1889
1891
1894
1896
1897
1901
1900
1903
1901
1903
1904
1903
1905
1907
1905
1905
1904
1902
1900
1902
1901
1899
1899
1896
1892
1890
1885
1885
1884
1878
1874
1869
1864
1858
1854
1851
1848
1843
1838
1833
1830
1827
1826
1819
1810
1805
1801
1797
1794
1791
1789
1786
1781
1775
1769
1766
1762
1760
1758
1753
1747
1744
1739
1736
1736
1735
1733
1729
1726
1725
1723
1723
1724
1724
1725
1721
1719
1719
1722
1721
1723
1725
1725
1725
1726
1727
1729
1731
1735
1735
1738
1739
1742
1746
1750
1756
1760
1763
1766
1770
1775
1779
1785
1788
1791
1794
1810
1820
1826
1832
1837
1841
1844
1848
1852
1856
1862
1868
1871
1874
1878
1879
1883
1888
1890
1894
1895
1896
1897
1899
1900
1902
1902
1905
1904
1903
1902
1904
1904
1907
1904
1903
1902
1902
1898
1898
1896
1895
1894
1890
1887
1882
1878
1875
1873
1869
1863
1857
1852
1848
1844
1841
1838
1834
1830
1826
1823
1812
1806
1803
1801
1797
1793
1788
1784
1781
1779
1775
1770
1765
1760
1755
1751
1749
1746
1745
1741
1737
1734
1732
1730
1730
1728
1726
1724
1722
1720
1719
1722
1722
1722
1722
1721
1722
1722
1723
1726
1727
1726
1730
1728
1730
1734
1738
1741
1742
1746
1748
1750
1756
1761
1765
1770
1774
1777
1781
1785
1789
1793
1802
1817
1824
1828
1833
1837
1842
1848
1852
1856
1860
1863
1866
1872
1877
1881
1884
1885
1888
1889
1893
1895
1899
1900
1902
1902
1902
1902
1902
1906
1904
1906
1904
1904
1901
1903
1904
1902
1901
1898
1897
1894
1893
1890
1890
1888
1883
1878
1873
1868
1865
1861
1857
1853
1848
1842
1838
1833
1831
1829
1827
1822
1810
1804
1800
1797
1795
1793
1790
1785
1780
1776
1771
1768
1765
1760
1758
1751
1746
1744
1740
1738
1737
1735
1733
1729
1727
1725
1725
1726
1726
1722
1722
1721
1720
1721
1721
1721
1722
1723
1723
1724
1725
1726
1729
1733
1733
1735
1737
1739
1742
1745
1750
1755
1759
1762
1766
1769
1774
1780
1785
1787
1791
1793
1806
1818
1826
1831
1836
1839
1842
1846
1850
1856
1861
1866
1871
1872
1877
1878
1884
1886
1890
1892
1894
1896
1897
1898
1899
1900
1904
1904
1906
1904
1902
1902
1906
1904
1905
1905
1902
1902
1899
1899
1897
1896
1895
1890
1888
1882
1880
1878
1874
1869
1865
1859
1854
1849
1845
1842
1838
1834
1831
1827
1824
1815
1808
1804
1801
1797
1794
1789
1786
1782
1779
1776
1772
1766
1762
1756
1753
1750
1748
1745
1741
1738
1734
1731
1730
1730
1729
1727
1726
1722
1720
1721
1721
1723
1722
1722
1722
1721
1722
1722
1722
1726
1728
1727
1730
1730
1732
1736
1740
1742
1745
1749
1751
1753
1758
1764
1768
1774
1777
1781
1784
1787
1791
1795
1814
1822
1827
1831
1834
1839
1844
1850
1856
1858
1863
1865
1870
1873
1879
1882
1886
1888
1889
1891
1894
1897
1900
1900
1903
1901
1902
1904
1904
1905
1905
1904
1905
1902
1901
1904
1902
1902
1901
1899
1896
1895
1891
1889
1886
1884
1881
1877
1870
1866
1862
1858
1854
1850
1845
1839
1835
1831
1829
1827
1826
1814
1807
1802
1797
1795
1793
1790
1787
1782
1778
1772
1768
1765
1762
1758
1753
1749
1745
1742
1740
1737
1735
1734
1730
1728
1725
1724
1723
1722
1724
1722
1721
1719
1721
1720
1722
1722
1724
1723
1724
1724
1726
1728
1731
1733
1734
1735
1739
1739
1745
1750
1754
1757
1761
1764
1769
1773
1777
1782
1788
1790
1792
1800
1814
1824
1829
1834
1838
1842
1846
1849
1853
1859
1865
1870
1872
1875
1879
1882
1886
1889
1891
1894
1896
1896
1898
1898
1900
1903
