2249
1969
1660
1378
1185
1104
1144
1314
1641
2006
2291
2464
2519
2447
2245
1965
1658
1374
1183
1102
1144
1315
1646
2011
2297
2466
2517
2444
2241
1960
1653
1373
1184
1104
1144
1317
1650
2015
2299
2468
2518
2443
2237
1956
1649
1368
1183
1104
1148
1321
1654
2018
2301
2469
2519
2442
2237
1954
1644
1365
1178
1103
1150
1326
1660
2023
2303
2469
2516
2438
2234
1950
1644
1364
1178
1102
1149
1326
1664
2028
2310
2472
2517
2436
2229
1944
1638
1362
1178
1102
1151
1330
1668
2031
2309
2474
2521
2436
2227
1940
1632
1355
1176
1105
1154
1335
1675
2036
2312
2473
2517
2433
2225
1937
1628
1353
1172
1101
1155
1338
1684
2043
2317
2477
2516
2429
2219
1932
1625
1349
1172
1102
1156
1340
1687
2047
2321
2477
2516
2428
2214
1925
1616
1346
1169
1103
1160
1345
1694
2051
2323
2481
2517
2427
2212
1922
1612
1340
1166
1102
1161
1349
1702
2059
2329
2481
2514
2422
2208
1918
1609
1340
1165
1101
1161
1352
1707
2063
2333
2483
2515
2420
2202
1912
1603
1336
1165
1103
1164
1354
1712
2066
2335
2485
2516
2417
2201
1907
1598
1329
1161
1102
1168
1360
1718
2072
2337
2485
2514
2415
2199
1905
1596
1329
1158
1101
1168
1361
1723
2077
2340
2486
2515
2411
2193
1899
1592
1326
1160
1102
1170
1364
1727
2080
2343
2488
2515
2411
2192
1895
1586
1321
1155
1104
1172
1370
1734
2084
2345
2487
2513
2409
2189
1893
1584
1318
1155
1101
1173
1371
1738
2090
2347
2489
2512
2405
2185
1888
1581
1318
1155
1102
1175
1373
1740
2091
2351
2493
2514
2404
2182
1883
1576
1314
1152
1103
1179
1377
1746
2095
2350
2492
2512
2402
2181
1881
1573
1312
1151
1101
1179
1381
1752
2101
2356
2492
2510
2397
2177
1877
1569
1309
1150
1102
1181
1382
1757
2105
2359
2495
2511
2396
2173
1870
1562
1306
1148
1102
1186
1387
1764
2111
2361
2495
2509
2394
2171
1866
1558
1300
1146
1102
1187
1392
1771
2115
2364
2494
2508
2389
2166
1862
1556
1301
1147
1102
1187
1393
1776
2120
2369
2498
2508
2386
2162
1856
1548
1295
1146
1105
1192
1397
1780
2123
2369
2498
2509
2385
2160
1852
1544
1291
1142
1103
1194
1403
1789
2131
2373
2500
2505
2379
2156
1848
1540
1289
1140
1105
1195
1404
1794
2137
2377
2500
2505
2376
2151
1842
1535
1286
1141
1105
1199
1408
1797
2137
2377
2500
2505
2376
2150
1838
1531
1282
1138
1106
1202
1412
1803
2143
2378
2501
2503
2372
2147
1836
1530
1281
1136
1103
1202
1413
1809
2147
2386
2505
2504
2368
2143
1830
1524
1279
1138
1106
1205
1416
1812
2149
2385
2506
2505
2368
2141
1826
1518
1276
1136
1106
1209
1421
1817
2152
2385
2503
2501
2366
2135
1824
1518
1272
1131
1105
1210
1424
1824
2158
2390
2504
2501
2361
2128
1819
1514
1270
1133
1107
1211
1430
1827
2161
2393
2508
2501
2359
2122
1813
1507
1267
1134
1110
1216
1440
1833
2164
2394
2506
2499
2357
2119
1809
1502
1264
1129
1108
1218
1448
1842
2171
2397
2507
2497
2351
2113
1805
1500
1264
1128
1108
1219
1453
1846
2177
2401
2509
2497
2348
2106
1798
1495
1260
1128
1109
1223
1459
1851
2179
2401
2510
2497
2346
2102
1794
1490
1254
1127
1110
1227
1468
1857
2184
2405
2509
2493
2343
2098
1791
1486
1253
1125
1109
1228
1474
1864
2189
2410
2511
2492
2338
2090
1784
1481
1252
1125
1113
1232
1479
1866
2191
2412
2513
2493
2335
2087
1779
1476
1248
1122
1113
1235
1487
1873
2196
2412
2510
2489
2333
2084
1777
1474
1245
1120
1111
1236
1491
1878
2201
2416
2513
2489
2329
2078
1773
1472
1244
1122
1114
1238
1496
1880
2202
2417
2513
2489
2328
2074
1768
1467
1240
1122
1115
1242
1502
1886
2205
2417
2513
2487
2325
2072
1765
1464
1238
1120
1115
1244
1508
1891
2211
2419
2513
2484
2320
2066
1762
1461
1237
1120
1116
1246
1512
1896
2214
2424
2513
2485
2318
2061
1756
1457
1233
1119
1119
1249
1518
1899
2216
2424
2515
2484
2316
2058
1753
1453
1230
1114
1118
1252
1525
1907
2222
2426
2515
2481
2311
2052
1747
1450
1229
1114
1118
1254
1530
1912
2225
2430
2516
2480
2308
2047
1741
1444
1226
1117
1122
1258
1536
1916
2226
2430
2516
2479
2305
2044
1737
1441
1223
1112
1121
1261
1544
1923
2233
2433
2515
2476
2301
2039
1733
1438
1222
1113
1122
1262
1548
1928
2237
2437
2517
2477
2297
2032
1727
1433
1219
1114
1124
1268
1555
1932
2239
2438
2516
2474
2296
2029
1723
1426
1216
1111
1124
1272
1563
1940
2245
2438
2516
2471
2290
2024
1720
1426
1213
1112
1125
1273
1568
1944
2249
2442
2517
2471
2287
2018
1713
1421
1213
1112
1127
1277
1573
1948
2253
2444
2517
2471
2285
2015
1709
1416
1210
1108
1129
1281
1580
1954
2253
2445
2517
2468
2281
2012
1707
1415
1206
1109
1129
1282
1584
1959
2258
2448
2519
2465
2277
2006
1702
1411
1208
1109
1131
1284
1587
1961
2261
2449
2519
2465
2276
2003
1697
1408
1204
1110
1133
1289
1594
1967
2264
2449
2516
2464
2274
2001
1695
1404
1202
1107
1131
1289
1599
1972
2269
2452
2518
2462
2268
1997
1691
1402
1201
1108
1133
1291
1602
1973
2270
2454
2521
2461
2268
1992
1685
1398
1200
1109
1135
1296
1609
1979
2273
2455
2517
2458
2264
1989
1682
1394
1196
1105
1136
1299
1615
1986
2279
2458
2517
2453
2258
1983
1678
1393
1198
1108
1138
1301
1619
1990
2281
2460
2520
2455
2256
1979
1672
1385
1192
1106
1140
1307
1626
1995
2283
2459
2518
2452
2253
1976
1668
1382
1189
1104
1139
1308
1634
2001
2290
2463
2518
2448
2248
1970
1662
1380
1189
1106
1143
1312
1637
2004
2292
2466
2520
2449
2246
1965
1656
1374
1185
1104
1146
