1920
1885
1831
1788
1748
1710
1670
1630
1597
1569
1542
1526
1514
1504
1506
1510
1518
1533
1552
1578
1614
1651
1688
1740
1812
1866
1916
1959
1997
2036
2060
2085
2102
2112
2117
2120
2114
2105
2093
2070
2038
2003
1961
1922
1890
1834
1791
1754
1713
1673
1636
1598
1571
1548
1528
1514
1509
1504
1507
1518
1529
1549
1578
1608
1647
1686
1729
1806
1864
1909
1956
1996
2028
2061
2084
2098
2111
2120
2117
2116
2109
2092
2072
2043
2005
1966
1927
1891
1840
1795
1755
1719
1677
1637
1602
1573
1547
1531
1516
1507
1506
1508
1515
1531
1550
1573
1606
1643
1680
1722
1801
1856
1906
1950
1990
2025
2056
2081
2098
2112
2117
2119
2116
2107
2097
2073
2045
2011
1970
1929
1896
1844
1798
1761
1720
1680
1643
1605
1574
1551
1531
1516
1509
1503
1506
1517
1528
1546
1571
1602
1639
1680
1713
1794
1854
1900
1945
1989
2020
2055
2079
2095
2109
2118
2118
2117
2110
2095
2075
2050
2012
1973
1934
1897
1850
1804
1763
1725
1685
1644
1608
1579
1552
1533
1518
1507
1506
1508
1514
1527
1545
1567
1600
1636
1673
1712
1788
1846
1897
1942
1984
2021
2051
2075
2096
2109
2116
2121
2116
2108
2097
2079
2051
2018
1978
1936
1902
1855
1806
1769
1730
1688
1650
1613
1580
1556
1534
1518
1510
1506
1506
1514
1525
1541
1566
1596
1631
1672
1707
1780
1843
1892
1937
1981
2016
2046
2077
2093
2108
2117
2120
2117
2112
2099
2080
2055
2020
1981
1942
1904
1859
1812
1770
1732
1694
1651
1615
1586
1557
1534
1521
1509
1506
1509
1513
1524
1541
1562
1592
1630
1666
1704
1775
1836
1887
1935
1975
2013
2047
2070
2093
2107
2115
2120
2120
2112
2101
2083
2056
2023
1987
1944
1908
1867
1814
1775
1737
1695
1657
1620
1584
1559
1538
1519
1512
1506
1506
1512
1522
1538
1560
1589
1624
1664
1702
1765
1833
1883
1929
1974
2010
2042
2071
2091
2103
2114
2120
2117
2114
2103
2083
2061
2028
1989
1950
1911
1871
1820
1779
1739
1702
1660
1621
1589
1561
1538
1524
1513
1505
1508
1512
1522
1537
1558
1585
1622
1660
1697
1761
1826
1878
1926
1968
2005
2041
2067
2088
2105
2113
2118
2119
2113
2104
2087
2062
2029
1994
1952
1913
1879
1823
1781
1745
1703
1664
1626
1593
1563
1543
1523
1513
1506
1505
1510
1522
1534
1555
1585
1617
1655
1696
1751
1821
1875
1920
1963
2003
2035
2064
2086
2103
2114
2120
2118
2113
2105
2089
2066
2035
1995
1956
1918
1883
1827
1787
1746
1708
1666
1629
1595
1568
1542
1526
1513
1505
1507
1511
1517
1535
1554
1579
1615
1654
1690
1745
1816
1868
1917
1961
1999
2036
2063
2085
2103
2112
2116
2120
2115
2106
2091
2068
2036
2000
1960
1920
1888
1833
1789
1752
1712
1669
1634
1598
1568
1546
1526
1514
1509
1506
1508
1520
1530
1550
1579
1611
1648
1688
1734
1809
1866
1913
1956
1997
2031
2060
2085
2101
2111
2117
2118
2116
2109
2091
2068
2042
2003
1963
1925
1890
1836
1795
1754
1716
1674
1636
1602
1571
1547
1529
1518
1506
1505
1509
1515
1530
1550
1574
1607
1646
1682
1726
1805
1859
1907
1954
1992
2029
2060
2081
2100
2113
2116
2118
2117
2107
2093
2073
2041
2007
1969
1927
1893
1842
1795
1759
1720
1678
1638
1605
1572
1550
1530
1516
1508
1507
1506
1515
1530
1546
1572
1605
1640
1680
1717
1796
1856
1905
1948
1990
2024
2054
2080
2098
2109
2121
2118
2116
2109
2097
2075
2048
2011
1971
1932
1897
1845
1802
1762
1722
1684
1642
1606
1577
1551
1530
1518
1509
1504
1509
1514
1528
1546
1569
1601
1639
1676
1712
1793
1850
1898
1946
1986
2021
2053
2079
2096
2111
2117
2119
2118
2109
2096
2078
2048
2014
1977
1934
1899
1853
1804
1765
1729
1685
1647
1611
1578
1553
1536
1517
1511
1508
1506
1514
1526
1542
1568
1599
1633
1673
1710
1784
1845
1896
1938
1983
2018
2048
2077
2095
2107
2117
2120
2116
2110
2099
2079
2053
2018
1978
1939
1903
1856
1809
1769
1730
1691
1650
1612
1585
1555
1534
1521
1509
1505
1506
1514
1523
1541
1566
1593
1632
1669
1706
1779
1840
1890
1937
1978
2016
2049
2074
2093
2109
2116
2118
2117
2111
2099
2083
2055
2021
1984
1942
1905
1864
1812
1773
1736
1693
1654
1618
1586
1558
1537
1519
1511
1507
1506
1512
1524
1538
1561
1593
1626
1666
1704
1770
1834
1887
1931
1975
2011
2044
2072
2093
2103
2117
2119
2117
2113
2103
2083
2059
2025
1986
1946
1910
1867
1817
1778
1737
1698
1659
1618
1587
1562
1536
1523
1512
1505
1508
1512
1519
1538
1560
1586
1625
1662
1698
1765
1829
1880
1929
1970
2008
2041
2071
2089
2107
2115
2117
2119
2113
2102
2087
2061
2028
1992
1950
1911
1875
1821
1779
1743
1701
1661
1626
1590
1562
1541
1523
1512
1508
1506
1509
1521
1536
1557
1587
1620
1658
1698
1756
1824
1878
1922
1966
2007
2040
2066
2089
2103
2113
2119
2120
2113
2106
2087
2063
2033
1994
1953
1917
1880
1824
1785
1744
1706
1666
1626
1592
1566
1541
1526
1516
1506
1506
1511
1519
1533
1557
1582
1617
1656
1692
1748
1820
1871
1919
1965
2001
2036
2064
2086
2103
2114
2118
2118
2115
2103
2089
2066
2034
1998
1958
1918
1886
1830
1786
1749
1709
1667
1631
1597
1566
1545
1529
1513
1507
1506
1507
1520
1533
1552
1581
1613
1650
1690
1741
1812
1868
1915
1957
1997
2033
2060
2085
2103
2111
2118
2119
2115
2107
2092
2068
2039
2001
1961
1924
1888
1833
1792
1753
1712
1674
1634
1599
1570
1545
1526
1516
1506
1506
1510
1517
1530
1553
1577
1609
1649
1685
1731
1809
1863
1910
1956
1994
2030
2062
2084
2101
2112
2117
2119
2116
2107
2092
2073
2040
2004
1966
1925
1892
1840
1794
1756
1718
1676
1637
1603
