2693
2976
1856
668
835
2351
3071
2274
907
612
1928
3015
2622
1236
531
1466
2832
2887
1634
589
1030
2537
3039
2062
772
699
2154
3060
2450
1054
554
1706
2943
2774
1421
541
1247
2701
2972
1842
665
848
2365
3068
2260
899
615
1942
3020
2615
1225
531
1480
2837
2879
1620
586
1044
2548
3036
2054
767
703
2164
3062
2444
1049
558
1716
2945
2767
1413
540
1255
2706
2971
1837
662
852
2367
3067
2255
895
619
1949
3022
2610
1220
531
1484
2840
2878
1617
585
1049
2552
3034
2045
763
706
2169
3065
2440
1045
559
1723
2948
2761
1408
540
1263
2712
2968
1830
657
857
2375
3068
2249
893
623
1957
3024
2603
1213
531
1494
2845
2876
1611
582
1054
2556
3031
2038
759
711
2177
3065
2432
1037
559
1731
2949
2756
1399
540
1273
2717
2962
1817
651
868
2386
3068
2238
884
625
1970
3025
2594
1202
532
1509
2852
2869
1595
576
1068
2568
3029
2024
753
716
2193
3064
2418
1024
563
1750
2961
2745
1385
536
1288
2726
2957
1801
648
883
2399
3065
2221
871
630
1986
3032
2584
1192
532
1523
2859
2860
1582
574
1084
2581
3026
2011
742
722
2205
3066
2408
1018
569
1764
2964
2736
1374
534
1300
2735
2953
1791
645
893
2406
3062
2212
866
635
1997
3034
2576
1179
532
1534
2865
2857
1574
574
1093
2589
3022
1999
738
726
2214
3069
2402
1010
569
1772
2967
2729
1367
535
1311
2744
2950
1782
638
897
2414
3063
2205
863
640
2004
3034
2568
1172
533
1543
2872
2855
1564
570
1100
2592
3019
1992
734
732
2225
3070
2393
1002
570
1783
2970
2723
1357
534
1321
2749
2945
1771
635
907
2420
3064
2197
857
642
2013
3036
2560
1166
535
1556
2877
2850
1556
568
1107
2600
3017
1985
732
737
2233
3069
2384
996
573
1793
2975
2718
1351
533
1329
2751
2941
1762
633
916
2433
3062
2186
849
644
2024
3038
2554
1160
536
1567
2881
2844
1543
564
1120
2608
3016
1973
725
741
2242
3069
2375
989
578
1806
2979
2708
1335
531
1342
2759
2937
1752
629
927
2440
3059
2174
839
651
2039
3044
2546
1149
537
1577
2886
2837
1533
564
1132
2618
3011
1958
717
746
2254
3070
2367
979
582
1820
2981
2697
1325
530
1357
2771
2932
1737
622
937
2450
3057
2163
833
657
2052
3045
2532
1135
538
1594
2895
2833
1519
560
1146
2627
3006
1944
710
760
2271
3071
2350
967
583
1833
2988
2689
1314
532
1373
2777
2924
1722
617
951
2465
3056
2151
826
660
2062
3046
2524
1128
542
1609
2899
2826
1507
556
1156
2637
3004
1937
707
767
2277
3069
2343
962
588
1846
2993
2682
1306
529
1378
2783
2922
1718
617
958
2470
3054
2144
820
663
2071
3049
2520
1123
541
1613
2903
2823
1502
556
1163
2641
3002
1930
702
771
2283
3072
2340
960
589
1851
2991
2677
1300
530
1385
2787
2920
1711
611
961
2473
3053
2139
818
667
2076
3050
2513
1117
540
1620
2906
2821
1497
554
1169
2644
2998
1922
699
778
2291
3071
2333
953
590
1857
2995
2673
1294
531
1395
2792
2916
1699
609
970
2483
3053
2129
810
670
2087
3051
2505
1106
545
1634
2912
2815
1484
551
1179
2655
2996
1910
695
790
2302
3071
2319
944
594
1873
3002
2663
1282
529
1408
2799
2909
1688
607
984
2495
3049
2114
802
675
2101
3056
2496
1098
546
1648
2918
2807
1472
548
1197
2666
2993
1896
688
800
2314
3070
2308
935
599
1887
3002
2651
1270
530
1422
2809
2905
1675
603
994
2504
3046
2103
796
682
2116
3056
2485
1088
547
1658
2921
2805
1464
548
1202
2669
2987
1887
684
807
2321
3072
2303
930
599
1893
3004
2649
1265
531
1429
2811
2902
1670
600
998
2509
3047
2101
795
683
2116
3056
2481
1085
549
1666
2925
2801
1458
546
1208
2673
2987
1883
682
812
2325
3069
2295
925
603
1902
3009
2644
1259
529
1436
2813
2898
1662
599
1006
2515
3044
2090
787
686
2124
3059
2477
1081
550
1672
2925
2794
1450
546
1218
2681
2984
1874
678
817
2331
3069
2290
921
607
1908
3008
2636
1250
529
1446
2820
2896
1655
595
1013
2522
3042
2081
785
692
2138
3060
2466
1069
550
1685
2935
2788
1441
546
1227
2687
2979
1862
674
829
2346
3070
2281
913
609
1920
3013
2629
1243
531
1458
2827
2889
1642
591
1022
2530
3042
2074
779
695
2144
3059
2458
1063
554
1696
2940
2780
1430
542
1237
2697
2976
1853
670
839
2355
3069
2268
904
613
1934
3017
2622
1234
530
1467
2832
2884
1632
589
1035
2540
3039
2060
771
699
2156
3062
2451
1054
556
1708
2943
2770
1418
541
1250
2704
2973
1842
664
847
2361
3067
2259
899
618
1946
3021
2611
1222
530
1480
2841
2881
1622
587
1045
2546
3034
2049
766
707
2168
3065
2441
1046
556
1719
2946
2765
1410
543
1262
2710
2967
1829
658
857
2374
3070
2252
892
620
1954
3022
2605
1217
532
1492
2846
2876
1611
583
1053
2554
3034
2042
763
709
2175
3063
2434
1040
560
1729
2951
2760
1405
537
1265
2713
2967
1826
659
862
2376
3067
2244
887
622
1959
3025
2603
1212
531
1496
2847
2873
1606
582
1060
2562
3032
2036
757
710
2180
3065
2432
1037
561
1733
2952
2753
1396
537
1274
2720
2963
1818
653
867
2383
3065
2237
884
627
1969
3026
2595
1201
530
1504
2851
2871
1598
579
1067
2565
3029
2026
755
716
2192
3067
2422
1026
562
1745
2957
2747
1389
539
1286
2727
2957
1805
647
878
2396
3068
2229
876
629
1980
3028
2585
1194
532
1521
2860
