608
979
2489
3049
2119
804
675
2097
3054
2498
1102
543
1642
2915
2813
1478
550
1188
2659
2992
1902
691
795
2308
3071
2315
938
596
1878
3001
2658
1280
530
1414
2804
2906
1682
603
988
2499
3049
2113
802
677
2104
3052
2492
1094
546
1654
2921
2805
1467
548
1198
2669
2990
1893
686
806
2318
3070
2304
932
601
1893
3008
2650
1266
529
1429
2810
2900
1668
601
1001
2512
3046
2097
790
683
2120
3058
2481
1083
548
1668
2927
2797
1454
547
1214
2680
2985
1878
679
816
2331
3069
2291
922
607
1910
3010
2637
1251
528
1443
2821
2896
1656
595
1014
2521
3043
2081
782
691
2137
3061
2468
1070
551
1685
2935
2786
1440
546
1230
2689
2978
1860
670
831
2346
3071
2278
911
611
1923
3014
2625
1240
530
1462
2829
2889
1638
590
1027
2533
3039
2068
777
698
2150
3060
2456
1060
553
1699
2941
2780
1429
541
1238
2696
2974
1853
667
840
2356
3070
2268
903
612
1932
3017
2622
1233
530
1469
2832
2884
1633
588
1033
2540
3040
2063
772
698
2154
3062
2452
1056
556
1706
2941
2773
1422
540
1246
2701
2974
1846
666
844
2359
3068
2263
902
617
1941
3019
2617
1227
529
1474
2835
2883
1626
587
1040
2544
3036
2053
767
703
2163
3064
2447
1051
555
1713
2943
2768
1417
541
1255
2708
2970
1836
659
850
2366
3070
2257
898
619
1948
3020
2609
1218
529
1487
2844
2879
1615
583
1049
2551
3033
2044
763
709
2175
3064
2434
1039
558
1730
2951
2759
1402
539
1270
2717
2962
1819
655
867
2383
3068
2239
883
625
1966
3025
2596
1204
533
1505
2852
2868
1598
579
1066
2566
3030
2029
753
715
2188
3064
2420
1029
563
1746
2957
2748
1388
536
1283
2724
2959
1808
651
878
2392
3065
2227
875
629
1981
3030
2588
1193
532
1516
2857
2863
1589
577
1079
2578
3027
2015
745
719
2201
3067
2413
1020
566
1759
2961
2737
1377
535
1296
2735
2956
1796
643
887
2403
3064
2218
870
634
1991
3032
2580
1187
531
1528
2865
2861
1579
575
1086
2581
3023
2005
741
726
2210
3068
2404
1013
567
1766
2964
2733
1370
535
1307
2741
2950
1784
639
895
2411
3065
2209
863
637
1999
3033
2570
1177
534
1542
2868
2856
1567
570
1096
2591
3021
1997
738
731
2220
3068
2395
1004
571
1780
2971
2725
1360
534
1316
2745
2945
1774
637
906
2421
3062
2200
855
639
2009
3038
2565
1171
535
1550
2871
2850
1556
569
1105
2598
3020
1990
731
733
2227
3067
2387
998
574
1792
2974
2718
1351
531
1326
2753
2944
1767
635
913
2426
3061
2189
851
644
2023
3040
2557
1160
534
1562
2881
2845
1549
568
1118
2607
3015
1975
725
739
2240
3070
2379
991
577
1802
2977
2708
1339
534
1342
2762
2938
1752
627
924
2440
3060
2178
843
651
2036
3042
2544
1150
536
1578
2886
2840
1534
563
1128
2615
3010
1962
719
747
2253
3068
2364
978
578
1817
2984
2701
1328
532
1354
2769
2930
1737
623
938
2455
3059
2163
834
654
2049
3043
2535
1138
540
1594
2894
2831
1518
558
1145
2628
3008
1947
711
756
2266
3070
2353
969
585
1834
2989
2689
1314
530
1368
2777
2928
1728
619
947
2461
3054
2152
825
660
2064
3048
2527
1130
538
1603
2898
2828
1513
559
1153
2634
3003
1938
706
763
2276
3072
2348
965
586
1840
2989
2683
1308
531
1377
2782
2923
1718
615
954
2468
3056
2148
822
663
2065
3047
2521
1125
541
1613
2906
2824
1505
554
1159
2639
3002
1933
706
771
2280
3070
2340
961
588
1850
2994
2680
1302
530
1382
2785
2920
1711
615
963
2476
3054
2137
815
665
2078
3050
2514
1116
542
1622
2905
2818
1496
555
1171
2649
2998
1919
698
780
2292
3071
2329
951
593
1863
2996
2668
1288
530
1401
2797
2914
1697
609
974
2486
3050
2124
811
673
2093
3052
2500
1102
544
1638
2913
2813
1479
553
1185
2658
2993
1904
694
794
2307
3070
2316
940
595
1877
3001
2659
1278
531
1414
2802
2907
1681
605
988
2498
3049
2112
801
677
2104
3054
2492
1094
547
1653
2919
2807
1469
549
1196
2666
2992
1896
687
802
2316
3070
2306
934
600
1889
3006
2653
1269
528
1423
2808
2905
1676
603
996
2506
3046
2101
795
681
2115
3057
2486
1088
547
1658
2921
2803
1462
548
1206
2673
2988
1886
681
808
2324
3072
2301
929
602
1895
3004
2645
1262
530
1432
2813
2901
1667
599
1001
2511
3045
2096
791
686
2121
3057
2478
1082
548
1668
2927
2801
1455
546
1211
2675
2984
1877
681
817
2331
3072
2293
923
603
1905
3008
2640
1256
531
1441
2817
2896
1658
594
1009
2519
3046
2087
786
688
2129
3057
2472
1075
551
1681
2931
2792
1445
544
1221
2685
2983
1872
677
823
2336
3069
2284
917
608
1915
3014
2634
1249
527
1449
2823
2893
1650
594
1019
2527
3041
2076
780
692
2141
3060
2465
1067
552
1689
2934
2783
1436
545
1234
2693
2977
1858
670
833
2348
3070
2274
909
613
1929
3016
2623
1235
529
1465
2832
2889
1637
589
1030
2537
3037
2063
773
700
2154
3062
2452
1056
554
1706
2944
2773
1421
543
1249
2701
2971
1841
662
847
2363
3069
2262
898
616
1942
3018
2612
1225
532
1481
2838
2880
1620
583
1043
2549
3036
2050
766
707
2167
3063
2439
1045
558
1721
2948
2765
1408
539
1260
2710
2968
1832
660
858
2374
3068
2249
891
619
1954
3024
2606
1215
530
1490
2843
2874
1610
582
1055
2559
3035
2040
761
708
2176
3064
2434
1041
561
1730
2950
2758
1402
538
