1682
1589
1504
1413
1326
1241
1157
1077
998
918
844
773
701
638
571
511
458
404
361
316
278
248
219
197
182
167
163
159
159
164
189
230
274
320
374
429
489
558
625
701
777
857
942
1025
1114
1204
1294
1386
1478
1571
1666
1756
1849
1942
2029
2120
2209
2295
2383
2463
2543
2623
2698
2775
2841
2908
2973
3030
3087
3138
3182
3226
3261
3292
3320
3337
3354
3365
3369
3373
3370
3365
3360
3347
3317
3286
3249
3213
3170
3124
3075
3018
2962
2898
2829
2759
2683
2605
2523
2437
2354
2265
2177
2090
1998
1910
1819
1726
1641
1550
1459
1375
1288
1202
1122
1037
963
884
809
742
669
606
545
485
436
383
339
300
262
234
209
188
177
164
159
159
159
167
208
248
296
343
398
457
518
587
659
733
814
894
980
1066
1154
1245
1336
1427
1522
1613
1708
1800
1890
1985
2071
2161
2249
2333
2418
2503
2579
2659
2733
2805
2874
2938
3000
3058
3109
3160
3203
3241
3278
3303
3329
3346
3359
3369
3372
3372
3370
3362
3356
3334
3302
3271
3233
3194
3151
3100
3051
2994
2933
2868
2797
2723
2649
2567
2486
2401
2313
2227
2136
2047
1958
1867
1778
1688
1597
1509
1419
1334
1249
1163
1086
1000
924
852
777
708
642
577
518
461
410
364
319
283
250
221
201
182
171
163
157
160
163
186
227
268
318
369
424
486
550
618
695
768
850
934
1017
1108
1194
1285
1379
1470
1566
1657
1748
1843
1931
2023
2114
2200
2286
2373
2455
2539
2616
2693
2767
2836
2904
2968
3024
3083
3132
3180
3223
3257
3291
3316
3337
3354
3363
3370
3373
3370
3368
3359
3349
3322
3287
3254
3216
3173
3130
3078
3024
2968
2903
2836
2765
2689
2614
2529
2448
2362
2274
2186
2097
2005
1918
1826
1737
1648
1557
1469
1382
1294
1211
1127
1047
969
891
819
747
677
615
550
494
439
387
344
302
266
238
210
191
176
164
161
158
160
167
202
246
290
338
394
451
513
581
651
727
805
887
972
1058
1145
1235
1327
1419
1514
1604
1697
1789
1882
1974
2062
2153
2239
2325
2411
2492
2574
2651
2725
2799
2867
2932
2996
3051
3105
3155
3198
3239
3273
3302
3327
3344
3358
3367
3371
3374
3368
3364
3356
3336
3307
3273
3236
3199
3153
3107
3056
2998
2939
2875
2804
2733
2655
2576
2495
2408
2323
2234
2145
2056
1965
1877
1786
1694
1606
1516
1428
1344
1256
1176
1092
1011
934
858
784
715
646
584
524
465
416
365
323
287
251
225
201
183
172
162
159
159
161
183
223
265
314
363
420
480
543
615
687
763
845
925
1012
1101
1186
1280
1369
1460
1557
1648
1741
1834
1924
2016
2106
2193
2281
2365
2449
2531
2609
2688
2760
2831
2899
2960
3023
3077
3129
3176
3217
3254
3288
3313
3336
3351
3361
3371
3372
3372
3368
3359
3352
3322
3290
3258
3218
3178
3133
3082
3030
2971
2909
2842
2770
2696
2618
2536
2455
2369
2279
2193
2103
2012
1924
1833
1745
1653
1563
1474
1386
1301
1218
1134
1054
973
897
823
750
683
617
554
497
442
392
348
303
271
238
212
194
176
167
161
156
161
165
201
243
285
335
388
445
510
575
646
722
798
883
966
1050
1140
1230
1321
1414
1504
1599
1691
1783
1877
1965
2056
2149
2232
2321
2404
2486
2568
2645
2721
2792
2861
2929
2990
3047
3103
3151
3197
3237
3270
3302
3324
3344
3359
3366
3372
3372
3369
3365
3356
3339
3309
3274
3241
3200
3157
3111
3059
3003
2945
2877
2811
2737
2661
2583
2499
2415
2330
2240
2153
2061
1973
1885
1790
1702
1614
1522
1435
1350
1262
1178
1097
1015
939
863
791
719
651
588
526
472
418
369
327
288
254
228
202
186
172
162
161
158
162
181
219
263
309
358
416
474
540
609
679
758
838
919
1004
1091
1182
1272
1361
1456
1548
1640
1735
1825
1919
2009
2097
2185
2273
2357
2444
2523
2605
2681
2753
2826
2893
2957
3017
3071
3124
3174
3215
3254
3284
3312
3334
3349
3363
3369
3372
3373
3367
3360
3352
3324
3295
3259
3222
3183
3136
3088
3034
2976
2915
2847
2777
2704
2623
2544
2462
2373
2290
2200
2111
2022
1930
1842
1750
1658
1573
1481
1394
1310
1222
1141
1060
980
905
828
756
689
621
561
501
444
397
348
309
273
240
215
194
177
169
159
159
160
164
198
238
282
332
383
442
504
569
641
715
793
876
956
1045
1133
1221
1314
1405
1497
1592
1682
1778
1870
1960
2050
2138
2226
2314
2397
2482
2563
2638
2716
2787
2857
2924
2983
3044
3097
3146
3195
3232
3268
3298
3322
3343
3356
3366
3372
3371
3371
3365
3356
3342
3310
3278
3243
3202
3161
3115
3062
3008
2947
2884
2815
2742
2667
2588
2505
2423
2335
2248
2159
2069
1981
1890
1798
1710
1619
1530
1442
1354
1270
1182
1102
1023
944
868
795
724
658
593
531
476
420
374
330
289
257
227
204
186
170
163
159
158
162
176
215
259
303
356
411
469
535
602
674
751
830
913
997
1085
1174
1264
1355
1450
1540
1635
1726
1818
1913
2000
2093
2182
2266
2354
2436
2518
2598
2673
2749
2820
2886
2953
3010
3068
3122
3168
3212
3251
3280
3312
3331
3350
3362
3367
3373
3372
3367
3363
3352
3327
3297
3261
3226
3185
3139
3092
3037
2981
2921
2852
2783
2708
2630
2551
2465
2381
2297
2205
2119
2028
1938
1849
1756
1667
1579
1489
1402
1313
1232
1147
1064
987
910
834
765
693
627
564
505
451
401
353
313
275
243
218
195
179
168
160
159
159
164
195
234
