2100
2111
2117
2116
2109
2093
2068
2029
1984
1934
1893
1831
1782
1736
1688
1640
1597
1561
1536
1517
1509
1507
1512
1521
1544
1573
1612
1657
1702
1785
1856
1913
1965
2010
2048
2079
2102
2116
2121
2117
2107
2090
2063
2026
1981
1933
1891
1827
1777
1730
1682
1636
1596
1562
1536
1518
1506
1506
1511
1525
1546
1577
1616
1661
1704
1790
1859
1917
1971
2017
2054
2081
2101
2113
2117
2116
2108
2092
2062
2023
1976
1927
1887
1823
1776
1729
1679
1633
1590
1557
1532
1516
1509
1507
1514
1525
1547
1577
1618
1666
1710
1798
1865
1921
1972
2017
2055
2083
2105
2116
2119
2115
2105
2087
2060
2019
1973
1926
1885
1818
1769
1722
1675
1630
1589
1557
1532
1516
1506
1505
1513
1527
1551
1582
1622
1667
1711
1802
1869
1926
1979
2022
2057
2084
2103
2116
2118
2115
2106
2087
2055
2014
1967
1920
1879
1815
1768
1720
1672
1624
1584
1553
1531
1514
1508
1506
1515
1527
1551
1584
1626
1673
1717
1809
1873
1929
1979
2022
2060
2087
2106
2119
2117
2114
2104
2084
2055
2013
1966
1918
1872
1810
1762
1716
1668
1623
1586
1553
1529
1512
1505
1506
1518
1531
1554
1587
1630
1674
1722
1814
1879
1935
1986
2026
2063
2088
2106
2117
2119
2116
2104
2081
2049
2007
1960
1914
1867
1809
1761
1712
1663
1618
1581
1550
1528
1513
1506
1509
1515
1530
1556
1591
1634
1680
1732
1819
1882
1937
1988
2032
2065
2092
2108
2117
2116
2113
2102
2082
2047
2005
1957
1910
1859
1802
1757
1709
1662
1616
1578
1547
1525
1513
1507
1509
1520
1534
1559
1592
1635
1682
1741
1826
1890
1942
1992
2031
2065
2092
2109
2119
2119
2114
2100
2077
2045
1999
1954
1909
1856
1800
1752
1704
1656
1612
1577
1547
1526
1512
1506
1508
1517
1535
1562
1597
1641
1686
1749
1829
1891
1946
1996
2038
2069
2095
2109
2117
2117
2111
2099
2077
2043
1997
1949
1904
1850
1795
1750
1702
1654
1609
1572
1542
1524
1509
1506
1510
1520
1536
1563
1598
1643
1690
1758
1837
1897
1950
1997
2038
2070
2095
2112
2119
2118
2112
2096
2072
2039
1994
1947
1903
1845
1790
1745
1696
1650
1606
1572
1543
1523
1510
1505
1509
1520
1539
1567
1604
1648
1692
1763
1840
1901
1956
2004
2043
2075
2096
2112
2116
2116
2111
2098
2073
2034
1989
1941
1897
1840
1789
1743
1694
1646
1602
1567
1537
1520
1510
1507
1510
1522
1539
1567
1605
1652
1698
1774
1847
1905
1958
2004
2044
2075
2100
2115
2118
2117
2108
2093
2066
2032
1988
1940
1896
1834
1783
1737
1688
1643
1601
1566
1539
1519
1508
1505
1509
1524
1544
1572
1610
1655
1699
1778
1852
1911
1963
2010
2048
2079
2099
2113
2119
2120
2110
2094
2066
2028
1981
1934
1892
1831
1781
1735
1686
1637
1597
1562
1537
1518
1510
1507
1511
1524
1544
1573
1613
1660
1704
1787
1857
1915
1966
2012
2050
2080
2103
2113
2119
2116
2108
2091
2063
2025
1980
1931
1890
1825
1775
1729
1682
1636
1596
1562
1535
1517
1507
1505
1512
1525
1547
1577
1617
1662
1706
1792
1861
1920
1972
2016
2055
2082
2099
2113
2119
2116
2107
2091
2061
2020
1973
1926
1886
1822
1774
1726
1678
1631
1589
1556
1533
1517
1509
1506
1512
1526
1547
1579
1620
1667
1711
1800
1866
1922
1974
2019
2055
2086
2104
2115
2117
2114
2104
2087
2058
2018
1971
1924
1882
1816
1769
1722
1674
1630
1589
1555
1532
1512
1505
1506
1516
1530
1551
1582
1623
1669
1713
1806
1872
1928
1979
2024
2057
2084
2105
2116
2120
2115
2103
2084
2055
2013
1966
1920
1877
1814
1766
1719
1669
1624
1583
1555
1533
1514
1506
1507
1514
1529
1552
1586
1628
1674
1717
1810
1875
1930
1982
2025
2062
2089
2106
2115
2117
2113
2105
2085
2052
2011
1962
1915
1868
1808
1761
1714
1667
1621
1581
1550
1525
1513
1506
1508
1517
1532
1554
1587
1630
1676
1728
1819
1883
1937
1985
2028
2062
2089
2107
2119
2119
2113
2101
2080
2047
2005
1960
1914
1864
1804
1757
1709
1662
1617
1579
1550
1528
1514
1506
1506
1516
1531
1558
1594
1636
1681
1736
1822
1885
1941
1991
2034
2067
2091
2109
2116
2117
2114
2102
2080
2046
2002
1954
1909
1856
1801
1755
1706
1658
1613
1574
1544
1526
1511
1507
1509
1518
1534
1560
1594
1638
1685
1747
1830
1890
1944
1993
2034
2069
2094
2112
2119
2117
2113
2097
2076
2042
2000
1952
1907
1851
1796
1749
1702
1654
1611
1574
1544
1523
1510
1504
1507
1518
1538
1563
1599
1641
1688
1753
1833
1895
1950
1997
2039
2071
2093
2108
2119
2117
2113
2099
2074
2038
1994
1946
1902
1847
1794
1747
1699
1649
1606
1570
1543
1524
1512
1506
1509
1519
1536
1565
1602
1647
1693
1762
1840
1899
1952
2000
2042
2074
2098
2111
2117
2117
2109
2095
2072
2037
1993
1943
1899
1840
1788
1742
1696
1650
1606
1569
1539
1520
1508
1506
1510
1523
1540
1568
1605
1649
1695
1770
1846
1906
1958
2003
2043
2074
2097
2113
2119
2117
2111
2094
2068
2032
1988
1940
1898
1838
1786
1738
1690
1643
1600
1566
1539
1520
1509
1506
1510
1521
1542
1571
1609
1654
1699
1776
1849
1907
1962
2009
2048
2077
2100
2112
2117
2117
2111
2095
2068
2029
1984
1934
1892
1832
1782
1737
1688
1640
1597
1562
1536
1518
1509
1508
1512
1522
1542
1572
1610
1657
1704
1785
1856
1912
1963
2009
2049
2080
2102
2115
2117
2116
2106
2090
2064
2026
1982
1932
1890
1826
1777
1730
1682
1636
1596
1562
1536
1515
1508
1506
1512
1525
1545
1576
1615
1660
1704
1790
1860
1918
1970
2014
2052
2080
2101
2113
2120
2116
2107
2090
2061
2021
1976
1928
1888
1824
1775
1728
1678
1632
1590
1559
1536
1518
1509
1506
1510
1523
1547
1578
1620
1666
1710
1797
