2955
2354
133
2802
2552
91
2620
2725
97
2443
2884
154
2240
3037
231
2037
3160
332
1831
3264
462
1623
3335
613
1420
3388
785
1218
3419
970
1016
3425
1162
834
3392
1376
658
3340
1584
500
3270
1792
373
3175
1999
261
3054
2203
183
2922
2393
123
2765
2581
84
2586
2761
108
2393
2929
170
2183
3074
258
1980
3192
369
1770
3284
506
1559
3356
666
1344
3400
851
1136
3427
1043
947
3415
1254
751
3371
1464
586
3314
1685
433
3220
1906
308
3109
2127
208
2969
2326
138
2808
2534
94
2625
2726
97
2444
2882
150
2244
3036
234
2029
3167
339
1817
3267
472
1614
3342
629
1402
3389
798
1193
3423
1003
986
3422
1194
810
3385
1408
635
3331
1624
475
3254
1828
355
3159
2034
249
3036
2240
166
2887
2436
114
2714
2636
75
2521
2818
129
2329
2976
195
2128
3108
281
1933
3216
397
1728
3302
529
1529
3363
690
1325
3404
871
1120
3427
1055
931
3413
1256
755
3370
1472
586
3313
1679
439
3230
1892
315
3119
2107
216
2987
2305
147
2836
2497
101
2671
2677
87
2493
2843
132
2307
2991
201
2113
3121
292
1914
3226
407
1710
3310
551
1497
3371
715
1292
3409
894
1099
3429
1070
921
3409
1270
745
3372
1468
582
3312
1674
441
3229
1898
310
3116
2108
215
2985
2310
149
2832
2501
100
2668
2679
88
2490
2848
137
2294
2993
203
2097
3129
301
1898
3235
424
1673
3318
571
1474
3378
743
1251
3413
932
1053
3433
1133
867
3401
1326
699
3358
1514
553
3296
1724
410
3208
1928
299
3105
2127
211
2973
2324
140
2815
2523
96
2642
2711
95
2454
2872
148
2255
3029
223
2055
3155
326
1837
3262
463
1626
3337
612
1415
3386
790
1198
3420
989
1000
3421
1196
801
3385
1410
627
3332
1619
474
3252
1845
341
3142
2069
233
3009
2272
155
2855
2481
104
2686
2669
85
2491
2846
136
2295
3003
211
2081
3136
308
1869
3247
436
1667
3323
579
1469
3375
736
1274
3412
914
1077
3430
1102
892
3407
1296
725
3363
1498
565
3303
1707
424
3220
1913
305
3108
2114
212
2982
2319
146
2827
2504
98
2663
2684
88
2483
2849
135
2299
2996
205
2098
3128
300
1901
3227
412
1699
3312
559
1492
3372
721
1289
3407
897
1090
3431
1085
915
3409
1268
744
3370
1474
582
3309
1690
432
3228
1893
319
3126
2087
227
3007
2274
156
2863
2467
108
2701
2650
75
2522
2818
127
2334
2971
191
2136
3102
279
1946
3207
385
1749
3296
525
1529
3359
677
1344
3400
851
1141
3425
1041
952
3416
1238
772
3376
1445
596
3317
1669
446
3236
1882
318
3126
2098
221
2990
2300
147
2832
2500
100
2669
2679
89
2480
2859
140
2279
3008
216
2071
3148
321
1845
3256
455
1635
3336
611
1414
3387
788
1208
3420
983
1012
3424
1172
831
3390
1374
658
3343
1581
507
3272
1780
374
3180
2005
261
3051
2211
175
2902
2423
116
2729
2618
79
2542
2805
122
2347
2966
190
2138
3104
282
1922
3222
407
1712
3308
545
1506
3367
705
1303
3407
882
1113
3428
1062
933
3412
1254
756
3373
1464
582
3312
1675
445
3235
1886
317
3120
2100
219
2989
2302
150
2846
2486
101
2679
2664
86
2506
2833
130
2320
2979
195
2121
3116
289
1919
3223
404
1706
3311
553
1504
3370
717
1293
3407
891
1099
3431
1085
909
3405
1289
723
3364
1497
571
3307
1694
425
3219
1912
307
3108
2120
210
2975
2319
144
2824
2521
97
2643
2708
93
2453
2879
149
2257
3030
223
2053
3152
327
1850
3257
455
1638
3331
602
1431
3386
774
1229
3417
960
1024
3426
1160
839
3395
1360
665
3342
1588
499
3265
1816
358
3159
2032
245
3032
2249
166
2877
2457
107
2701
2644
80
2517
2831
131
2310
2988
202
2093
3133
307
1885
3241
433
1656
3327
594
1438
3385
767
1232
3416
955
1022
3428
1162
838
3392
1371
654
3341
1586
505
3271
1797
369
3167
2017
253
3035
2245
165
2882
2446
110
2709
2643
78
2522
2822
129
2321
2981
200
2118
3122
298
1894
3233
425
1678
3321
578
1461
3379
747
1248
3414
941
1047
3430
1143
847
3395
1351
675
3350
1557
517
3277
1772
379
3184
1989
266
3056
2205
180
2914
2403
121
2749
2597
82
2568
2776
113
2378
2941
177
2178
3077
259
1972
3196
375
1757
3293
515
1544
3357
672
1347
3402
855
1131
3426
1052
935
3413
1261
750
3372
1465
588
3312
1677
438
3232
1888
322
3125
2088
223
2996
2296
151
2845
2490
101
2673
2677
88
2489
2849
138
2287
2998
207
2092
3130
302
1890
3238
420
1685
3315
569
1481
3373
724
1286
3407
889
1099
3430
1077
922
3409
1274
739
3368
1483
575
3308
1692
430
3221
1906
311
3112
2120
212
2978
2323
139
2811
2531
95
2632
2711
94
2447
2879
150
2252
3033
229
2042
3159
330
1832
3264
466
1621
3337
619
1406
3390
806
1197
3421
983
998
3423
1182
819
3390
1389
644
3335
1599
488
3265
1808
363
3166
2021
250
3035
2239
167
2885
2452
109
2698
2651
82
2515
2827
130
2310
2994
202
2102
3128
302
1892
3237
427
1673
3318
573
1465
3380
747
1257
3412
937
1055
3433
1125
867
3400
1333
690
3350
1551
526
3280
1781
374
3179
1992
262
3051
2210
180
2914
2410
118
2749
2599
83
2575
2774
111
2380
2936
175
2173
3084
264
1972
3198
371
1764
3289
515
1557
3353
661
1358
3396
831
1165
3424
1008
982
3420
1206
799
3384
1422
620
3328
1622
474
3254
1833
351
3158
