1819
1820
1821
1822
1822
1821
1821
1821
1819
1821
1823
1822
1822
1822
1821
1820
1819
1822
1822
1823
1821
1819
1822
1820
1823
1822
1824
1822
1820
1821
1819
1822
1821
1822
1822
1822
1820
1821
1822
1822
1823
1821
1821
1822
1820
1821
1822
1824
1822
1822
1822
1822
1821
1822
1821
1823
1823
1821
1822
1820
1822
1821
1823
1822
1823
1820
1820
1821
1822
1822
1823
1823
1822
1820
1821
1822
1822
1822
1821
1823
1822
1822
1822
1821
1824
1822
1825
1822
1821
1820
1822
1824
1824
1822
1822
1822
1822
1823
1822
1823
1824
1822
1822
1819
1821
1822
1823
1823
1825
1823
1822
1820
1822
1823
1823
1825
1822
1821
1820
1821
1821
1823
1822
1823
1822
1822
1821
1821
1824
1824
1822
1822
1821
1819
1821
1822
1824
1822
1823
1821
1821
1822
1820
1820
1822
1821
1822
1822
1820
1820
1821
1824
1824
1821
1821
1819
1821
1820
1822
1824
1824
1822
1821
1820
1821
1824
1821
1822
1821
1820
1820
1821
1821
1822
1822
1822
1821
1820
1819
1820
1822
1821
1822
1821
1819
1818
1821
1822
1822
1822
1820
1818
1819
1818
1819
1820
1821
1821
1821
1819
1819
1819
1820
1821
1822
1821
1819
1818
1819
1820
1820
1821
1821
1819
1819
1818
1818
1821
1821
1822
1819
1818
1819
1817
1820
1819
1820
1820
1818
1818
1818
1818
1820
1820
1820
1819
1819
1816
1818
1818
1819
1819
1819
1817
1818
1817
1818
1819
1819
1819
1818
1817
1818
1818
1819
1819
1818
1817
1816
1817
1817
1816
1818
1818
1818
1817
1816
1815
1817
1818
1818
1818
1817
1816
1816
1816
1817
1818
1818
1816
1816
1816
1815
1816
1818
1817
1817
1816
1814
1814
1815
1816
1817
1816
1816
1814
1815
1815
1816
1817
1817
1816
1815
1814
1814
1814
1816
1816
1816
1815
1813
1813
1814
1815
1816
1815
1814
1813
1813
1813
1814
1816
1816
1814
1814
1813
1813
1813
1815
1815
1815
1814
1813
1813
1814
1814
1815
1815
1814
1813
1813
1813
1813
1814
1814
1814
1813
1812
1813
1813
1814
1814
1814
1813
1812
1812
1813
1813
1814
1814
1813
1813
1812
1811
1813
1814
1813
1812
1811
1810
1810
1811
1812
1812
1812
1811
1810
1809
1810
1811
1813
1813
1811
1810
1809
1810
1811
1811
1812
1812
1810
1809
1809
1810
1811
1811
1812
1810
1809
1809
1810
1810
1811
1811
1811
1810
1809
1809
1810
1810
1812
1810
1810
1809
1809
1809
1811
1811
1810
1810
1809
1809
1809
1809
1810
1810
1810
1809
1809
1809
1809
1809
1810
1810
1810
1808
1808
1808
1810
1810
1810
1810
1809
1808
1808
1808
1809
1809
1810
1809
1808
1807
1807
1809
1810
1809
1809
1807
1808
1808
1809
1809
1809
1809
1808
1807
1807
1808
1808
1809
1809
1808
1807
1807
1807
1808
1809
1809
1809
1808
1806
1806
1808
1807
1809
1808
1807
1806
1806
1807
1808
1808
1807
1807
1808
1805
1807
1807
1809
1808
1808
1806
1806
1805
1806
1806
1808
1807
1806
1805
1805
1804
1806
1806
1805
1804
1803
1802
1802
1801
1803
1803
1803
1803
1801
1801
1801
1802
1803
1802
1801
1801
1800
1801
1802
1802
1801
1802
1801
1801
1800
1800
1801
1801
1801
1801
1800
1800
1800
1800
1801
1801
1800
1800
1799
1798
1800
1800
1801
1802
1800
1799
1798
1798
1799
1800
1801
1800
1799
1798
1799
1799
1802
1800
1800
1800
1799
1797
1799
1800
1800
1801
1800
1798
1799
1797
1801
1798
1800
1798
1797
1796
1798
1799
1799
1799
1799
1799
1797
1797
1797
1797
1798
1797
1797
1797
1796
1796
1796
1799
1799
1797
1797
1796
1794
1796
1797
1797
1798
1795
1795
1794
1797
1795
1797
1796
1796
1796
1794
1794
1795
1796
1796
1795
1794
1793
1794
1793
1796
1795
1796
1794
1791
1793
1794
1794
1795
1794
1794
1793
1793
1793
1794
1794
1794
1794
1795
1792
1792
1793
1794
1794
1793
1794
1792
1791
1792
1793
1794
1794
1794
1794
1792
1791
1793
1793
1796
1793
1792
1792
1792
1792
1792
1794
1796
1794
1792
1792
1792
1792
1794
1794
1794
1794
1794
1794
1793
1794
1796
1795
1795
1794
1794
1795
1795
1795
1797
1797
1797
1797
1796
1795
1797
1798
1797
1798
1798
1797
1798
1798
1798
1799
1801
1800
1798
1799
1801
1801
1802
1802
1802
1801
1801
1802
1803
1805
1804
1804
1803
1802
1803
1804
1806
1806
1806
1805
1805
1805
1806
1807
1809
1809
1808
1807
1806
1810
1813
1816
1817
1817
1816
1816
1816
1817
1818
1819
1819
1818
1818
1817
1818
1819
1820
1821
1821
1821
1820
1820
1821
1822
1823
1824
1824
1823
1822
1824
1825
1825
1826
1826
1826
1825
1825
1826
1828
1829
1829
1828
1828
1827
1828
1829
1830
1832
1832
1830
1830
1830
1830
1831
1833
1834
1832
1830
1833
1832
1833
1834
1836
1835
1835
1833
1834
1834
1835
1837
1837
1836
1835
1834
1834
1836
1838
1836
1838
1836
1837
1835
1835
1838
1839
1838
1838
1836
1837
1837
1837
1840
1840
1840
1838
1837
1838
1838
1838
1841
1839
1838
1838
1837
1840
1838
1841
1840
1842
1839
1838
1840
1840
1842
1843
1841
1842
1842
1842
1842
1842
1843
1844
1843
1844
1841
1841
1841
1843
1844
1842
1843
1840
1841
1842
1842
1843
1843
1843
1841
1839
1839
1840
1840
1840
1840
1838
1838
1837
1835
1838
1838
1838
1838
1835
1834
1833
1833
1834
1833
1833
1832
1831
1830
1830
1830
1830
1830
1829
1826
1826
1825
1825
1825
1826
1825
1824
1822
1822
1822
1823
1822
1822
1821
1820
1819
1819
1819
1820
1820
1819
1818
1817
1813
1810
1810
1809
1807
1805
1804
1802
1801
1801
1800
1800
1797
1794
1793
1791
1790
1789
1788
1786
1783
1781
1778
1778
1777
1776
1774
1773
1770
1768
1769
1768
1768
1767
1767
1764
1763
1764
1763
1764
1764
1764
1762
1762
1761
1760
1762
1763
1764
1763
1762
