889
3237
2179
171
2183
3235
826
850
3218
2228
168
2130
3256
876
802
3192
2279
166
2083
3274
922
763
3168
2321
163
2035
3291
965
729
3146
2369
162
1983
3304
1012
692
3120
2417
164
1937
3319
1061
651
3088
2465
165
1886
3331
1111
615
3060
2508
167
1833
3341
1160
584
3032
2554
171
1781
3348
1212
546
2998
2599
195
1732
3357
1262
513
2964
2641
216
1681
3364
1316
483
2931
2684
239
1630
3367
1370
451
2893
2730
266
1574
3369
1422
419
2853
2772
293
1526
3372
1476
393
2811
2812
320
1473
3373
1530
366
2772
2850
348
1424
3370
1583
342
2731
2892
380
1373
3367
1637
316
2685
2928
411
1328
3367
1686
297
2642
2960
442
1279
3363
1737
278
2601
2995
475
1230
3356
1788
259
2556
3028
510
1188
3352
1835
243
2509
3057
545
1144
3348
1890
228
2463
3086
582
1097
3328
1941
215
2418
3117
621
1051
3310
1987
203
2373
3143
661
1010
3294
2036
193
2325
3167
702
968
3277
2084
186
2278
3190
740
929
3256
2130
179
2232
3216
784
886
3236
2179
172
2186
3234
825
850
3217
2225
168
2134
3254
871
807
3196
2274
166
2088
3272
915
768
3171
2320
163
2042
3290
961
734
3147
2362
162
1991
3304
1005
699
3124
2408
163
1944
3316
1054
660
3095
2457
166
1890
3330
1105
620
3063
2504
167
1838
3340
1157
585
3035
2551
170
1789
3348
1209
550
3000
2599
194
1731
3356
1259
515
2965
2641
216
1686
3363
1312
483
2930
2683
238
1633
3368
1365
454
2896
2724
262
1582
3368
1413
426
2859
2767
288
1533
3371
1464
395
2818
2807
316
1483
3373
1520
369
2776
2846
344
1429
3371
1578
346
2735
2886
374
1381
3368
1626
322
2696
2921
405
1336
3366
1677
300
2649
2957
438
1285
3363
1734
280
2602
2991
470
1236
3357
1785
260
2561
3025
507
1190
3351
1832
244
2517
3054
540
1152
3348
1878
230
2473
3081
573
1110
3334
1925
220
2431
3107
611
1064
3315
1976
206
2383
3138
654
1018
3296
2023
195
2333
3165
696
975
3278
2079
186
2281
3190
739
933
3259
2131
180
2236
3212
780
890
3236
2177
173
2188
3234
825
848
3216
2225
167
2136
3255
871
810
3195
2275
165
2082
3272
916
770
3172
2323
164
2039
3288
960
731
3147
2363
163
1994
3304
1007
695
3121
2410
162
1941
3318
1054
659
3096
2457
164
1891
3328
1102
623
3067
2501
168
1841
3340
1155
583
3032
2549
171
1790
3350
1208
550
3001
2594
190
1735
3357
1260
516
2969
2641
215
1681
3361
1311
484
2933
2684
239
1635
3367
1361
452
2895
2727
265
1580
3371
1420
422
2855
2769
289
1530
3372
1471
395
2817
2808
315
1481
3370
1520
369
2778
2848
346
1432
3370
1576
343
2734
2887
375
1383
3370
1630
321
2690
2922
406
1332
3366
1680
300
2650
2957
437
1285
3360
1730
278
2605
2993
473
1237
3357
1786
257
2556
3025
510
1187
3352
1840
242
2509
3058
546
1141
3346
1894
228
2460
3091
589
1089
3323
1949
212
2410
3121
630
1045
3307
2000
199
2358
3150
671
1000
3290
2053
191
2306
3177
717
949
3267
2109
183
2252
3203
765
904
3244
2159
175
2204
3227
812
861
3224
2209
169
2154
3247
854
822
3204
2257
166
2103
3265
899
783
3180
2307
164
2054
3284
947
743
3153
2352
163
2006
3300
994
708
3130
2394
162
1956
3313
1042
669
3104
2444
164
1905
3325
1089
631
3074
2493
168
1855
3336
1138
593
3042
2537
170
1806
3347
1192
560
3011
2580
184
1749
3355
1246
527
2979
2628
207
1698
3360
1295
493
2943
2672
233
1648
3366
1347
461
2905
2713
257
1596
3370
1405
430
2865
2756
282
1541
3371
1458
404
2827
2799
310
1491
3370
1511
375
2786
2841
340
1442
3371
1561
349
2744
2874
367
1396
3370
1614
326
2705
2910
394
1345
3367
1666
307
2663
2951
429
1296
3362
1717
285
2613
2988
468
1244
3358
1777
261
2564
3022
506
1194
3354
1834
244
2514
3054
545
1142
3347
1889
230
2466
3089
583
1096
3326
1942
215
2415
3120
627
1050
3309
1992
201
2365
3147
668
1003
3292
2045
192
2316
3172
712
958
3271
2098
185
2265
3199
751
916
3250
2145
176
2218
3222
796
877
3232
2192
170
2169
3240
841
835
3209
2245
167
2119
3259
887
793
3187
2289
166
2072
3280
930
753
3160
2337
162
2021
3296
980
718
3137
2384
161
1972
3308
1024
683
3114
2427
163
1925
3320
1068
646
3086
2470
167
1877
3334
1118
610
3055
2514
168
1830
3342
1165
579
3028
2557
170
1777
3350
1218
542
2995
2607
198
1721
3358
1272
506
2958
2654
222
1670
3365
1327
474
2921
2694
246
1618
3369
1383
444
2884
2737
270
1566
3369
1435
416
2845
2781
298
1514
3370
1485
385
2804
2822
327
1464
3372
1542
359
2757
2863
357
1411
3371
1597
336
2720
2898
387
1360
3367
1647
313
2678
2939
419
1313
3363
1699
288
2629
2975
455
1262
3361
1758
268
2577
3008
491
1209
3354
1818
251
2532
3042
529
1162
3347
1865
234
2485
3076
568
1114
3334
1918
218
2436
3105
607
1071
3318
1972
207
2387
3133
646
1022
3298
2025
197
2335
3162
694
972
3278
2076
186
2285
3190
737
935
3259
2125
177
2233
3212
782
891
3239
2177
172
2184
3233
826
847
3216
2227
169
2136
3254
871
804
3192
2276
166
2084
3274
921
764
3168
2326
162
2030
3292
970
726
3144
2376
163
1980
3305
1017
687
3116
2421
165
1931
3320
1065
647
3087
2466
166
1884
3332
1113
