2881
3192
1384
180
1618
3288
2690
677
476
2356
3368
2000
210
1045
2979
3119
1241
209
1756
3336
2576
571
563
2483
3347
1865
159
1167
3064
3040
1109
246
1890
3364
2455
474
659
2608
3318
1726
152
1291
3139
2953
983
301
2024
3373
2330
386
760
2723
3277
1590
157
1419
3204
2851
853
363
2160
3379
2200
307
870
2833
3222
1448
171
1558
3264
2745
733
437
2293
3373
2068
241
988
2934
3154
1311
192
1691
3314
2633
625
522
2421
3357
1931
180
1106
3022
3084
1177
226
1822
3357
2517
523
611
2545
3336
1798
154
1225
3102
2996
1046
274
1958
3370
2393
427
708
2666
3299
1660
155
1358
3173
2901
914
330
2092
3378
2267
347
816
2779
3249
1518
162
1488
3236
2801
795
397
2225
3375
2136
275
929
2883
3192
1384
177
1614
3286
2697
686
472
2349
3367
2005
211
1038
2976
3125
1251
207
1747
3332
2579
575
560
2480
3351
1873
158
1159
3057
3044
1118
245
1882
3364
2465
480
649
2596
3321
1738
155
1282
3134
2956
987
295
2013
3374
2339
392
755
2716
3278
1596
156
1411
3201
2862
866
356
2147
3376
2211
315
862
2823
3228
1461
167
1541
3258
2756
745
433
2284
3374
2073
242
982
2928
3164
1321
193
1681
3310
2638
627
516
2416
3361
1939
182
1102
3019
3082
1177
226
1822
3359
2521
524
606
2540
3335
1803
155
1224
3100
3001
1051
269
1949
3370
2399
433
707
2663
3298
1659
153
1355
3174
2905
918
330
2091
3376
2266
345
817
2780
3250
1518
162
1489
3234
2798
794
399
2226
3376
2133
271
927
2884
3190
1379
181
1624
3289
2688
675
478
2358
3368
1997
208
1048
2981
3117
1238
209
1760
3337
2574
569
564
2486
3346
1862
158
1169
3067
3040
1108
248
1891
3364
2453
473
661
2609
3318
1725
152
1292
3139
2952
984
300
2021
3373
2333
387
759
2721
3280
1596
157
1414
3201
2856
860
360
2154
3379
2204
313
864
2825
3225
1460
169
1546
3260
2752
743
430
2281
3374
2075
246
982
2926
3161
1320
190
1678
3310
2644
633
514
2413
3359
1942
184
1097
3018
3087
1185
225
1813
3356
2521
527
606
2540
3337
1807
154
1218
3096
3005
1053
271
1949
3370
2399
432
702
2661
3301
1665
155
1351
3170
2907
920
328
2087
3378
2273
349
810
2773
3252
1525
161
1482
3233
2807
799
394
2218
3376
2137
275
926
2883
3192
1383
178
1618
3288
2693
681
476
2354
3367
2002
210
1041
2977
3123
1250
207
1752
3333
2576
572
563
2484
3350
1865
157
1168
3064
3036
1106
251
1896
3366
2451
469
661
2610
3318
1725
155
1294
3140
2950
979
298
2025
3375
2329
386
764
2727
3272
1584
156
1426
3209
2848
850
367
2165
3376
2192
304
879
2839
3222
1442
169
1561
3264
2741
730
440
2301
3372
2060
236
991
2936
3155
1307
195
1693
3313
2630
621
521
2424
3360
1933
181
1106
3022
3080
1174
228
1824
3360
2514
520
609
2545
3333
1797
155
1233
3104
2996
1041
272
1958
3370
2394
428
709
2665
3298
1659
153
1355
3173
2906
920
329
2085
3376
2269
348
812
2777
3252
1523
161
1484
3232
2801
797
399
2223
3376
2138
273
923
2881
3192
1387
180
1618
3286
2693
681
472
2352
3369
2008
213
1036
2974
3122
1250
207
1749
3334
2583
575
560
2478
3348
1869
159
1163
3061
3044
1115
245
1883
3363
2461
479
656
2601
3320
1731
152
1289
3138
2954
984
299
2021
3373
2331
387
759
2720
3279
1598
156
1416
3202
2854
858
362
2157
3378
2202
309
868
2829
3224
1454
169
1553
3263
2746
736
433
2291
3374
2073
243
982
2929
3158
1318
191
1679
3310
2643
633
511
2411
3359
1941
184
1100
3019
3086
1180
225
1816
3357
2523
526
608
2541
3335
1802
153
1223
3101
3000
1050
273
1957
3369
2395
429
707
2664
3300
1662
154
1353
3170
2904
918
330
2091
3378
2267
346
813
2777
3251
1519
163
1488
3235
2802
795
397
2225
3378
2139
276
927
2883
3191
1381
179
1619
3288
2695
682
472
2351
3367
2004
212
1040
2976
3125
1250
207
1747
3332
2581
577
561
2479
3350
1872
157
1158
3059
3046
1122
246
1882
3363
2464
480
651
2597
3322
1739
154
1280
3132
2959
991
296
2009
3375
2346
396
746
2706
3283
1608
156
1402
3197
2866
871
352
2140
3377
2220
319
858
2819
3229
1468
166
1535
3256
2763
754
424
2271
3373
2088
250
967
2917
3171
1334
188
1665
3303
2650
642
506
2403
3363
1952
187
1086
3009
3094
1198
222
1802
3351
2534
534
595
2529
3339
1817
156
1211
3091
3008
1063
264
1935
3370
2414
441
694
2648
3303
1680
154
1338
3164
2920
936
319
2071
3376
2285
359
800
2763
3258
1539
159
1466
3226
2817
813
389
2205
3376
2148
280
914
2869
3200
1401
177
1605
3281
2702
690
467
2342
3370
2017
216
1030
2967
3128
1260
205
1740
3330
2591
584
552
2468
3351
1882
160
1151
3054
3049
1125
242
1873
3364
2471
485
646
2592
3322
1742
153
1281
3135
2960
993
293
2010
3372
2342
394
752
2713
3281
1602
155
1408
3199
2863
869
356
2143
3378
2215
316
855
2817
3231
1472
167
1536
3253
2762
751
424
2271
3376
2089
250
967
2917
3168
1336
189
1667
3305
2654
641
502
2397
3362
1957
193
1082
3005
3096
1203
218
1794
3348
2544
543
591
2519
3340
1826
155
1203
3088
3016
1072
262
1928
3367
2418
447
687
2640
3309
1690
153
1325
3157
2927
950
316
2058
3376
2298
365
786
2749
3264
1557
160
1454
3219
