1809
1874
1932
1982
2025
2061
2087
2105
2118
2120
2116
2105
2084
2052
2010
1963
1918
1872
1810
1763
1715
1666
1621
1583
1552
1528
1515
1507
1506
1514
1530
1553
1588
1630
1677
1725
1815
1878
1933
1984
2029
2064
2090
2108
2117
2118
2113
2103
2083
2051
2008
1960
1913
1864
1805
1759
1713
1665
1618
1579
1548
1524
1513
1506
1508
1516
1532
1555
1590
1633
1680
1735
1823
1884
1940
1987
2028
2065
2092
2110
2120
2119
2113
2101
2079
2046
2004
1957
1912
1859
1801
1753
1707
1659
1616
1578
1549
1528
1511
1504
1506
1518
1534
1561
1594
1637
1682
1742
1826
1890
1944
1994
2033
2068
2092
2108
2118
2120
2113
2101
2078
2043
1999
1951
1906
1854
1799
1751
1704
1654
1610
1574
1544
1525
1512
1506
1507
1517
1533
1560
1598
1642
1688
1752
1833
1892
1947
1996
2039
2072
2097
2111
2117
2119
2111
2098
2076
2041
1997
1948
1902
1847
1793
1747
1701
1653
1609
1570
1542
1522
1510
1506
1510
1520
1538
1563
1599
1644
1691
1761
1840
1898
1952
1999
2039
2071
2097
2112
2119
2119
2111
2097
2072
2037
1993
1945
1902
1843
1790
1742
1695
1648
1606
1572
1544
1522
1508
1505
1510
1521
1540
1568
1605
1649
1694
1766
1843
1903
1957
2004
2044
2074
2097
2111
2117
2117
2112
2096
2071
2033
1988
1939
1897
1838
1787
1740
1691
1643
1601
1566
1538
1521
1511
1507
1512
1521
1541
1568
1608
1654
1700
1776
1848
1906
1960
2006
2047
2077
2100
2113
2117
2116
2108
2093
2069
2031
1986
1937
1893
1831
1782
1736
1689
1642
1600
1563
1537
1517
1508
1506
1513
1523
1543
1572
1609
1656
1701
1782
1855
1913
1965
2009
2049
2079
2100
2113
2120
2117
2110
2091
2065
2025
1981
1934
1892
1829
1778
1730
1682
1636
1596
1563
1537
1518
1508
1504
1510
1523
1545
1576
1615
1661
1704
1789
1858
1916
1970
2016
2054
2080
2101
2112
2117
2116
2108
2091
2063
2024
1977
1928
1888
1824
1776
1729
1681
1633
1592
1557
1534
1517
1509
1507
1513
1525
1546
1577
1618
1664
1710
1797
1864
1920
1972
2016
2055
2083
2105
2116
2117
2116
2105
2088
2060
2020
1974
1925
1885
1818
1770
1723
1676
1632
1591
1556
1530
1513
1506
1506
1513
1528
1550
1581
1622
1666
1710
1802
1870
1926
1979
2019
2056
2082
2105
2116
2120
2117
2105
2086
2056
2014
1968
1922
1880
1816
1768
1720
1670
1624
1586
1554
1531
1516
1507
1504
1512
1526
1552
1584
1626
1672
1715
1807
1873
1929
1980
2024
2062
2087
2105
2114
2117
2113
2105
2086
2055
2012
1964
1916
1871
1810
1763
1717
1669
1622
1583
1550
1528
1514
1508
1507
1515
1530
1553
1586
1627
1676
1724
1816
1879
1933
1982
2026
2062
2091
2108
2120
2120
2113
2102
2081
2050
2009
1962
1915
1866
1806
1758
1711
1665
1620
1582
1550
1527
1513
1504
1507
1516
1533
1557
1591
1633
1678
1731
1820
1883
1939
1988
2031
2065
2090
2105
2118
2119
2113
2101
2080
2047
2004
1956
1910
1860
1803
1757
1709
1660
1613
1577
1546
1528
1514
1507
1507
1516
1531
1556
1594
1637
1683
1742
1825
1887
1941
1990
2035
2068
2093
2109
2116
2116
2113
2101
2079
2045
2001
1953
1907
1853
1797
1752
1705
1658
1614
1576
1545
1525
1510
1506
1508
1518
1534
1561
1595
1639
1686
1751
1833
1894
1947
1996
2034
2069
2095
2109
2119
2118
2112
2097
2074
2040
1997
1950
1906
1849
1795
1747
1699
1653
1609
1573
1545
1524
1508
1505
1507
1518
1537
1565
1600
1645
1689
1758
1837
1898
1952
2000
2040
2071
2094
2110
2117
2118
2111
2099
2073
2036
1993
1944
1901
1844
1792
1745
1696
1649
1604
1569
1541
1523
1511
1506
1508
1520
1538
1566
1603
1649
1695
1767
1842
1902
1954
2002
2043
2076
2100
2110
2118
2117
2109
2095
2072
2035
1989
1941
1897
1838
1786
1741
1693
1646
1603
1566
1538
1518
1509
1507
1512
1523
1540
1568
1605
1651
1697
1775
1849
1907
1960
2004
2044
2076
2099
2113
2119
2117
2111
2094
2068
2031
1986
1938
1895
1834
1783
1735
1686
1640
1598
1566
1538
1522
1508
1505
1510
1522
1544
1574
1611
1656
1700
1780
1853
1912
1965
2012
2049
2077
2100
2111
2119
2117
2111
2095
2064
2025
1980
1932
1891
1829
1780
1733
1685
1637
1596
1561
1535
1519
1510
1506
1510
1524
1543
1575
1615
1661
1706
1789
1858
1915
1967
2013
2052
2081
2103
2115
2118
2115
2108
2090
2064
2025
1978
1929
1887
1822
1774
1728
1680
1634
1592
1558
1532
1515
1506
1506
1514
1526
1546
1577
1617
1664
1708
1796
1864
1922
1973
2017
2053
2083
2103
2114
2119
2116
2107
2088
2060
2018
1973
1926
1886
1819
1770
1724
1674
1629
1589
1558
1531
1514
1506
1506
1511
1527
1550
1582
1621
1667
1711
1801
1868
1925
1978
2023
2057
2084
2103
2114
2118
2116
2106
2088
2058
2015
1968
1921
1878
1816
1769
1722
1672
1625
1586
1553
1531
1516
1507
1507
1515
1527
1549
1584
1626
1673
1716
1809
1874
1929
1979
2024
2062
2089
2106
2115
2119
2114
2104
2084
2056
2014
1966
1918
1871
1809
1762
1718
1669
1624
1584
1551
1528
1513
1506
1507
1514
1530
1553
1586
1628
1674
1723
1816
1879
1934
1983
2026
2061
2088
2107
2117
2119
2113
2103
2081
2050
2008
1962
1916
1866
1806
1759
1712
1664
1620
1580
1552
1528
1512
1506
1506
1515
1532
1556
1591
1633
1678
1731
1819
1883
1939
1990
2031
2064
2089
2106
2116
2118
2114
2103
2081
2047
2003
1956
1910
1860
1804
1756
1709
1659
1614
1576
1548
1526
1513
1507
1508
1515
1532
1557
1593
1638
1684
1743
1826
1887
1941
1992
2033
2069
2092
2111
2116
2117
2112
2100
2079
2046
2001
1952
1907
1853
1798
1751
1706
1657
1614
1575
1545
1522
1510
1506
1511
1519
