2259
368
2084
3115
1005
832
3084
2174
357
2168
3087
937
910
3120
2088
351
2250
3050
870
991
3152
2002
352
2332
3000
806
1072
3176
1917
359
2415
2950
748
1157
3196
1828
369
2490
2898
693
1246
3212
1741
383
2561
2841
643
1337
3224
1654
402
2633
2781
591
1427
3228
1569
426
2701
2720
546
1518
3225
1485
451
2767
2657
507
1613
3217
1401
486
2827
2588
471
1702
3208
1322
546
2883
2513
436
1794
3192
1246
610
2938
2437
410
1884
3170
1168
676
2990
2359
388
1976
3145
1090
745
3036
2275
372
2067
3120
1015
820
3076
2186
360
2156
3091
946
901
3116
2097
352
2244
3055
877
986
3150
2007
352
2330
3001
810
1071
3179
1917
359
2413
2948
747
1160
3199
1826
370
2494
2893
689
1254
3213
1730
385
2571
2835
635
1350
3224
1640
404
2644
2771
583
1446
3228
1552
430
2715
2704
535
1540
3224
1463
459
2785
2636
494
1640
3213
1375
507
2848
2561
458
1739
3200
1290
572
2907
2479
425
1837
3183
1207
642
2963
2397
398
1933
3157
1125
715
3015
2312
377
2025
3130
1047
788
3060
2227
365
2117
3103
975
863
3099
2138
356
2205
3074
909
945
3133
2050
351
2288
3028
845
1029
3165
1961
354
2370
2976
779
1113
3190
1875
363
2450
2923
720
1199
3206
1784
376
2529
2869
667
1293
3218
1693
392
2601
2811
616
1386
3226
1608
413
2671
2748
566
1480
3228
1523
441
2742
2682
521
1573
3222
1436
468
2804
2614
482
1669
3209
1349
526
2865
2539
448
1768
3196
1266
590
2922
2459
417
1860
3177
1190
658
2976
2378
392
1952
3152
1109
730
3024
2296
375
2043
3125
1033
802
3070
2208
362
2136
3096
961
882
3108
2116
353
2227
3064
890
969
3144
2021
351
2314
3010
821
1059
3175
1930
357
2401
2955
756
1149
3197
1835
369
2485
2899
694
1243
3212
1741
384
2565
2840
639
1341
3222
1646
403
2638
2777
587
1439
3228
1556
428
2713
2708
538
1537
3225
1467
458
2782
2638
495
1635
3215
1377
507
2847
2563
458
1736
3200
1291
571
2907
2482
426
1838
3182
1206
640
2964
2397
398
1933
3159
1128
714
3014
2311
377
2025
3130
1047
790
3063
2224
364
2119
3100
972
867
3102
2135
355
2209
3072
906
947
3135
2045
351
2294
3025
839
1033
3165
1954
353
2374
2973
776
1122
3192
1865
364
2456
2917
711
1212
3208
1773
378
2537
2861
659
1306
3219
1680
396
2615
2800
605
1403
3225
1590
417
2685
2735
558
1502
3227
1503
446
2754
2665
512
1597
3220
1415
479
2822
2594
471
1693
3207
1329
543
2883
2518
439
1793
3190
1242
609
2939
2436
411
1890
3170
1163
678
2990
2354
387
1983
3146
1089
752
3039
2267
368
2072
3116
1011
828
3084
2182
358
2165
3085
939
909
3121
2088
353
2255
3048
869
995
3153
1992
353
2346
2995
800
1086
3181
1897
358
2431
2937
737
1183
3203
1803
372
2511
2877
675
1278
3218
1709
391
2593
2817
618
1376
3223
1614
412
2670
2751
569
1478
3226
1520
438
2739
2681
523
1579
3222
1430
468
2806
2605
480
1677
3211
1345
533
2872
2529
442
1778
3192
1257
602
2933
2447
415
1877
3170
1169
673
2988
2361
389
1979
3146
1090
748
3036
2268
370
2074
3119
1014
828
3082
2176
358
2166
3085
937
913
3123
2084
353
2255
3046
865
997
3154
1993
354
2344
2994
799
1083
3181
1901
360
2429
2941
740
1175
3201
1809
371
2505
2885
682
1268
3216
1719
387
2581
2824
627
1364
3226
1630
410
2657
2762
577
1458
3226
1541
435
2726
2697
531
1554
3221
1451
461
2793
2627
491
1653
3213
1365
514
2854
2552
453
1752
3200
1281
581
2916
2469
419
1846
3180
1198
650
2971
2389
394
1942
3154
1118
721
3020
2304
376
2036
3128
1040
795
3064
2214
362
2129
3099
967
875
3104
2122
353
2220
3068
898
961
3140
2033
351
2307
3014
827
1050
3172
1938
356
2395
2959
759
1144
3196
1841
368
2483
2901
698
1241
3212
1741
383
2566
2841
641
1341
3223
1646
403
2642
2775
587
1442
3228
1552
430
2716
2703
535
1546
3224
1459
460
2788
2630
491
1647
3214
1367
514
2854
2554
454
1750
3198
1278
580
2914
2471
423
1851
3180
1193
652
2972
2383
395
1950
3155
1112
728
3024
2294
372
2045
3124
1032
806
3071
2204
359
2140
3092
956
889
3112
2107
354
2235
3060
882
977
3147
2010
352
2329
3004
812
1069
3175
1916
357
2411
2950
750
1163
3200
1822
369
2493
2890
687
1256
3216
1730
387
2574
2831
631
1352
3223
1636
407
2651
2768
581
1450
3225
1544
431
2720
2701
534
1551
3223
1456
459
2789
2629
491
1649
3216
1370
513
2853
2553
453
1746
3200
1285
579
2913
2474
422
1844
3179
1198
648
2971
2391
397
1942
3155
1117
719
3019
2301
377
2037
3129
1041
797
3064
2212
360
2130
3098
967
879
3107
2124
354
2220
3065
893
965
3144
2029
352
2311
3012
823
1051
3172
1937
358
2397
2961
762
1143
3194
1840
366
2481
2901
699
1242
3212
1745
381
2559
2841
639
1340
3224
1650
404
2640
2775
586
1440
3226
1555
430
2717
2707
536
1541
3222
1461
457
2785
2635
495
1643
3214
1370
509
2852
2554
455
1747
3200
1284
578
2914
2471
420
1844
3179
1200
651
2971
2386
394
1945
3152
1113
726
3024
2297
375
2044
3125
1032
805
3068
2203
361
2142
3095
957
889
3111
2108
352
2236
3062
883
979
3148
2011
351
2324
3003
811
1072
3179
1917
359
2415
2946
746
1163
3199
1818
371
2501
2889
