1529
1513
1506
1508
1515
1529
1552
1583
1627
1673
1718
1813
1876
1930
1981
2027
2060
2087
2108
2116
2120
2113
2104
2083
2052
2011
1964
1916
1869
1807
1760
1714
1666
1622
1584
1550
1528
1512
1504
1506
1515
1533
1556
1589
1630
1675
1728
1818
1882
1937
1987
2029
2061
2089
2108
2116
2120
2116
2104
2081
2048
2005
1958
1913
1863
1805
1757
1709
1660
1616
1579
1549
1528
1512
1506
1506
1516
1531
1558
1593
1636
1682
1738
1823
1885
1940
1990
2034
2068
2090
2109
2114
2119
2114
2100
2080
2046
2003
1954
1907
1856
1800
1755
1707
1659
1614
1576
1545
1525
1511
1507
1509
1517
1534
1558
1593
1638
1686
1749
1830
1892
1944
1992
2034
2068
2093
2111
2119
2118
2113
2100
2077
2043
1999
1951
1906
1850
1794
1748
1701
1654
1611
1574
1543
1523
1509
1505
1507
1519
1537
1564
1598
1641
1687
1755
1835
1896
1951
1998
2037
2069
2094
2110
2119
2120
2112
2099
2074
2038
1994
1946
1902
1847
1793
1745
1698
1650
1605
1570
1543
1523
1510
1506
1506
1518
1538
1565
1603
1647
1693
1763
1838
1899
1953
2002
2042
2073
2097
2111
2116
2118
2110
2098
2073
2036
1991
1942
1898
1841
1788
1743
1695
1647
1604
1566
1541
1520
1510
1507
1511
1520
1539
1566
1605
1650
1697
1772
1846
1904
1957
2003
2045
2075
2098
2113
2119
2118
2110
2095
2069
2033
1988
1940
1896
1835
1783
1737
1690
1644
1601
1566
1538
1518
1507
1505
1510
1523
1541
1571
1608
1653
1698
1778
1851
1910
1963
2008
2046
2077
2098
2113
2120
2119
2111
2094
2065
2027
1982
1936
1894
1832
1781
1733
1684
1637
1597
1565
1537
1520
1508
1506
1509
1522
1544
1575
1614
1659
1702
1784
1855
1913
1966
2012
2050
2081
2100
2113
2117
2117
2109
2093
2065
2025
1978
1930
1889
1826
1778
1731
1683
1636
1593
1559
1534
1519
1508
1506
1513
1523
1546
1574
1616
1662
1707
1794
1862
1918
1969
2014
2054
2083
2104
2114
2118
2116
2105
2089
2061
2023
1977
1929
1887
1821
1772
1726
1678
1634
1594
1559
1534
1516
1506
1506
1513
1527
1548
1579
1619
1665
1709
1798
1866
1924
1974
2020
2054
2082
2102
2116
2119
2118
2108
2089
2057
2017
1970
1923
1884
1818
1770
1722
1672
1627
1586
1554
1534
1516
1506
1506
1511
1525
1550
1582
1624
1671
1714
1805
1870
1926
1977
2023
2060
2087
2104
2114
2119
2115
2105
2086
2056
2016
1967
1920
1874
1812
1765
1719
1670
1626
1586
1552
1528
1512
1508
1506
1514
1528
1553
1584
1626
1672
1716
1812
1877
1932
1982
2024
2060
2087
2109
2117
2120
2116
2103
2084
2052
2010
1963
1918
1871
1810
1761
1713
1665
1621
1582
1552
1528
1514
1506
1505
1513
1529
1555
1589
1632
1677
1727
1817
1880
1936
1988
2030
2066
2089
2106
2116
2119
2115
2104
2084
2049
2007
1959
1912
1862
1805
1758
1711
1663
1618
1578
1547
1525
1513
1506
1509
1516
1533
1556
1591
1633
1681
1739
1825
1886
1939
1988
2030
2066
2092
2109
2117
2120
2114
2098
2078
2045
2003
1956
1910
1857
1799
1753
1705
1658
1615
1578
1549
1525
1510
1504
1508
1517
1534
1561
1595
1638
1683
1745
1829
1890
1946
1996
2037
2069
2092
2109
2118
2118
2114
2100
2077
2042
1997
1949
1905
1851
1797
1750
1702
1653
1609
1573
1545
1524
1510
1506
1508
1517
1534
1561
1598
1644
1690
1757
1835
1895
1949
1997
2038
2073
2097
2112
2117
2117
2111
2099
2075
2040
1996
1947
1902
1845
1791
1745
1698
1651
1608
1571
1542
1521
1510
1506
1510
1520
1538
1565
1601
1646
1691
1763
1842
1902
1955
2000
2041
2071
2096
2112
2120
2120
2112
2096
2072
2035
1991
1943
1900
1842
1789
1742
1692
1645
1603
1569
1542
1523
1509
1506
1509
1520
1538
1568
1606
1651
1696
1770
1845
1904
1957
2005
2046
2077
2098
2109
2118
2118
2111
2096
2071
2033
1987
1937
1894
1835
1785
1739
1691
1642
1599
1565
1538
1518
1508
1506
1511
1522
1539
1569
1608
1653
1700
1779
1852
1909
1961
2007
2048
2077
2101
2113
2120
2117
2109
2092
2066
2029
1984
1936
1893
1830
1779
1733
1686
1638
1600
1565
1537
1517
1507
1505
1511
1523
1544
1574
1613
1657
1702
1784
1856
1914
1968
2013
2051
2080
2100
2114
2120
2119
2110
2093
2064
2025
1978
1930
1890
1827
1778
1731
1682
1634
1593
1560
1536
1520
1507
1506
1512
1523
1544
1575
1616
1662
1707
1792
1861
1917
1968
2014
2053
2084
2103
2116
2118
2114
2107
2089
2062
2023
1976
1927
1886
1820
1773
1726
1679
1633
1592
1558
1534
1515
1507
1506
1513
1528
1547
1577
1618
1665
1709
1799
1868
1923
1975
2017
2054
2084
2102
2117
2120
2118
2106
2087
2058
2018
1972
1924
1885
1818
1769
1721
1672
1628
1589
1556
1532
1516
1505
1505
1512
1526
1550
1582
1624
1669
1713
1803
1870
1926
1978
2022
2060
2085
2104
2114
2118
2114
2107
2087
2056
2015
1967
1919
1875
1813
1766
1720
1671
1624
1586
1552
1530
1514
1507
1507
1515
1529
1550
1584
1627
1673
1718
1812
1876
1931
1981
2025
2061
2088
2107
2117
2119
2114
2103
2084
2053
2012
1965
1918
1870
1808
1761
1714
1666
1622
1584
1552
1528
1513
1506
1506
1515
1531
1554
1589
1631
1676
1726
1816
1880
1938
1986
2030
2064
2088
2106
2115
2119
2116
2104
2081
2049
2007
1958
1913
1864
1806
1759
1712
1663
1616
1578
1548
1526
1514
1506
1506
1516
1530
1555
1590
1634
1681
1737
1823
1884
1938
1989
2032
2066
2095
2109
2118
2118
2112
2102
2079
2048
2004
1956
1910
1857
1800
1754
1706
1661
1614
1576
1546
1524
1509
1506
1508
1517
1536
1559
1594
1637
1683
1745
1829
1890
1946
1994
2035
2068
2092
2109
2117
2119
2115
2101
2077
2042
1998
1951
1906
1853
1797
