156
1418
3204
2855
859
362
2158
3378
2201
307
870
2834
3224
1450
169
1553
3263
2743
732
436
2293
3374
2065
239
989
2934
3155
1307
194
1695
3316
2629
617
525
2428
3356
1920
175
1120
3034
3072
1159
231
1841
3360
2497
508
625
2567
3328
1772
153
1251
3116
2980
1018
284
1986
3372
2362
407
731
2693
3289
1629
155
1389
3190
2876
882
347
2131
3379
2229
324
847
2809
3233
1477
166
1529
3253
2769
758
419
2264
3375
2095
255
961
2914
3172
1340
186
1658
3302
2659
647
501
2394
3363
1960
191
1081
3008
3096
1201
221
1800
3349
2533
536
596
2527
3340
1816
155
1213
3092
3006
1060
267
1943
3370
2409
441
694
2649
3304
1673
154
1341
3168
2914
930
323
2079
3376
2284
356
804
2768
3257
1533
159
1470
3227
2817
812
388
2207
3376
2152
282
910
2870
3201
1401
177
1599
3280
2706
693
464
2340
3370
2017
217
1029
2967
3129
1263
204
1740
3331
2589
582
553
2472
3349
1874
159
1160
3061
3043
1112
246
1885
3364
2456
474
661
2609
3318
1723
151
1295
3142
2947
974
307
2034
3374
2320
379
769
2733
3272
1576
159
1437
3211
2841
841
371
2178
3379
2179
298
888
2849
3211
1425
173
1579
3274
2725
713
451
2317
3371
2038
227
1011
2954
3142
1282
198
1719
3323
2610
601
542
2450
3354
1898
159
1134
3044
3060
1142
238
1860
3361
2480
491
639
2584
3326
1755
154
1266
3125
2966
1001
290
2004
3374
2351
398
746
2705
3282
1609
156
1406
3199
2865
871
353
2139
3377
2217
319
861
2821
3228
1464
167
1538
3257
2758
747
429
2281
3373
2077
243
977
2925
3163
1322
191
1679
3309
2640
628
515
2415
3362
1940
184
1096
3016
3086
1182
225
1817
3359
2522
527
604
2537
3336
1806
155
1222
3100
3003
1050
269
1950
3369
2400
433
707
2663
3300
1663
153
1353
3172
2908
922
330
2091
3376
2266
346
814
2779
3250
1521
163
1491
3235
2799
790
399
2227
3378
2132
272
930
2886
3189
1377
180
1625
3291
2688
674
481
2362
3366
1994
207
1050
2985
3116
1234
209
1764
3338
2565
564
573
2497
3347
1852
155
1178
3072
3030
1094
256
1908
3366
2435
456
676
2629
3312
1702
154
1318
3153
2930
950
313
2054
3376
2302
368
783
2748
3264
1555
159
1453
3222
2825
823
382
2196
3376
2161
287
904
2864
3204
1406
174
1594
3279
2708
698
466
2340
3369
2020
217
1026
2968
3130
1261
206
1741
3331
2589
581
552
2470
3352
1878
159
1154
3056
3046
1118
244
1881
3365
2465
481
654
2601
3319
1733
153
1287
3139
2955
986
298
2021
3373
2330
387
761
2723
3277
1589
156
1421
3205
2850
851
366
2163
3379
2194
305
872
2833
3222
1446
171
1557
3264
2741
729
440
2297
3374
2062
238
992
2937
3152
1304
193
1694
3316
2629
619
526
2428
3357
1921
177
1114
3031
3076
1166
229
1831
3358
2508
514
618
2557
3333
1782
153
1238
3108
2992
1037
278
1969
3371
2382
420
718
2676
3296
1652
155
1365
3178
2896
908
334
2101
3378
2259
341
821
2784
3247
1509
163
1495
3240
2794
786
403
2235
3375
2123
269
938
2893
3187
1370
180
1632
3293
2681
670
484
2370
3366
1985
201
1059
2993
3109
1224
215
1778
3342
2554
551
579
2508
3345
1839
157
1192
3080
3020
1081
258
1920
3369
2430
454
679
2632
3309
1696
153
1324
3158
2929
949
314
2057
3375
2295
364
793
2755
3262
1549
158
1460
3222
2822
819
386
2202
3378
2158
284
906
2865
3202
1404
177
1604
3282
2705
691
464
2343
3369
2012
215
1033
2969
3126
1253
205
1742
3332
2588
580
557
2474
3348
1873
158
1160
3060
3046
1116
246
1883
3363
2461
478
656
2602
3320
1732
152
1286
3137
2953
985
299
2020
3374
2333
387
758
2721
3277
1592
158
1420
3205
2850
852
364
2161
3379
2201
307
875
2835
3219
1442
170
1561
3266
2741
731
439
2295
3372
2061
236
994
2941
3152
1301
194
1698
3315
2625
617
526
2432
3358
1920
174
1118
3032
3073
1161
234
1841
3360
2498
507
623
2565
3331
1778
155
1246
3113
2983
1025
280
1978
3373
2375
417
722
2682
3291
1636
155
1379
3185
2888
893
341
2114
3376
2243
333
838
2801
3240
1490
163
1513
3248
2778
766
417
2259
3374
2099
255
955
2911
3175
1344
187
1658
3301
2658
644
502
2396
3364
1959
191
1082
3006
3095
1198
221
1803
3352
2533
534
597
2530
3337
1813
156
1216
3096
3004
1057
266
1946
3369
2404
435
704
2657
3300
1667
153
1351
3171
2907
922
328
2087
3376
2268
346
816
2778
3253
1522
162
1489
3235
2797
788
403
2236
3376
2126
267
938
2892
3184
1366
183
1634
3294
2679
666
483
2371
3366
1985
203
1059
2990
3112
1228
211
1770
3341
2562
561
578
2504
3343
1842
156
1187
3078
3025
1089
256
1910
3366
2435
458
676
2629
3313
1704
153
1312
3152
2935
957
313
2052
3377
2304
369
781
2746
3266
1560
160
1453
3220
2829
825
378
2191
3378
2170
293
896
2853
3208
1416
173
1584
3276
2721
708
454
2321
3369
2034
225
1015
2957
3140
1277
199
1720
3323
2604
597
543
2455
3355
1898
159
1137
3044
3060
1142
239
1861
3362
2481
493
637
2581
3326
1755
155
1264
3126
2969
1006
287
1997
3374
2357
404
740
2700
3285
1614
155
1397
3194
2875
881
349
2132
3376
2225
323
850
2813
3235
1477
165
1530
3253
2763
755
423
2271
3375
2088
250
965
2916
3169
1337
189
1668
3306
2648
636
508
